0
0.41523535932476346
-0.49473656217288076
1.0804325288323098
-0.3943933200953253
1.254735972655702
-0.7638513595121611
0.6045479108565794
0.27698048737678177
1.2064345889295944
-1.4002063221008245
0.47254497454208605
0.6998577429227952
0.1676314954347356
-0.8493745187999101
0.06555726643335864
-0.22424381190948053
2.0153997436815785
-0.22913890474380014
-1.8738878998309068
0.6080757239548439
-0.811278237694972
0.8769265426480617
-2.2851239123342895
0.76962002760927
0.7246608617084421
0.2919929193899978
0.9110469438161061
-0.7177093373364739
-0.2585195871621812
-1.0137971765680431
-1.4011290449788532
-0.20626263383164423
-1.1533081453085852
-0.7584072034271836
0.8995598141007841
-0.5102016137658785
1.4756985885286973
0.550377947285319
-0.5671111802461449
-0.09895002631256558
-0.41833193436191096
-0.11018701768918873
2.557739223412928
-1.3849069132615301
