reward	subjID	level1_choice	level2_choice
0	0010	1	1
1	0010	1	4
1	0010	1	4
1	0010	1	4
1	0010	1	2
1	0010	1	4
0	0010	1	4
1	0010	1	4
1	0010	1	4
0	0010	1	3
1	0010	1	2
0	0010	2	4
1	0010	2	2
1	0010	1	4
1	0010	1	2
1	0010	1	4
1	0010	1	4
0	0010	1	4
1	0010	1	4
1	0010	1	4
1	0010	2	4
0	0010	2	4
0	0010	2	1
0	0010	2	4
1	0010	1	4
1	0010	1	4
1	0010	1	2
0	0010	1	2
1	0010	1	3
0	0010	1	3
1	0010	1	4
1	0010	1	1
0	0010	1	3
0	0010	1	4
1	0010	1	1
0	0010	1	3
0	0010	1	2
1	0010	1	1
0	0010	1	3
0	0010	1	3
1	0010	2	2
0	0010	2	4
1	0010	2	4
0	0010	2	2
0	0010	1	3
1	0010	1	4
1	0010	1	4
1	0010	1	4
1	0010	1	4
0	0010	1	4
1	0010	1	4
1	0010	1	4
0	0010	1	2
1	0010	1	4
0	0010	1	4
1	0010	1	2
0	0010	1	4
1	0010	1	3
0	0010	2	1
0	0010	1	1
1	0010	1	4
1	0010	1	2
0	0010	1	4
1	0010	1	2
0	0010	1	4
0	0010	1	4
0	0010	1	2
1	0010	2	1
0	0010	2	1
0	0010	2	1
0	0010	2	3
0	0010	2	1
1	0010	1	4
1	0010	1	4
0	0010	1	4
0	0010	1	3
1	0010	1	1
0	0010	1	4
1	0010	1	3
1	0010	1	3
1	0010	1	4
1	0010	1	3
1	0010	1	3
0	0010	1	3
1	0010	1	4
0	0010	1	4
0	0010	1	4
0	0010	1	4
0	0010	2	2
0	0010	2	2
0	0010	1	3
1	0010	1	1
1	0010	1	3
0	0010	1	4
0	0010	1	1
0	0010	1	4
1	0010	1	4
1	0010	1	4
0	0010	2	3
1	0010	2	3
0	0010	2	1
0	0010	2	2
1	0010	1	3
1	0010	1	2
1	0010	1	3
0	0010	1	3
1	0010	1	4
1	0010	1	4
1	0010	1	4
0	0010	1	4
0	0010	1	4
1	0010	1	4
1	0010	1	3
0	0010	1	4
0	0010	1	3
0	0010	1	2
0	0010	1	3
1	0010	1	4
0	0010	2	4
1	0010	1	4
1	0010	2	1
0	0010	2	2
0	0010	2	4
0	0010	2	4
0	0010	1	3
1	0010	1	1
0	0010	1	3
0	0010	1	3
0	0010	1	3
1	0010	1	4
0	0010	1	4
1	0010	1	1
1	0010	1	2
1	0010	1	4
0	0010	1	4
1	0010	1	2
1	0010	1	4
1	0010	1	3
0	0010	1	4
0	0010	1	3
1	0010	1	4
0	0010	1	4
0	0010	1	4
1	0010	1	1
1	0010	1	1
1	0010	1	1
1	0010	1	3
0	0010	1	1
0	0010	1	4
0	0010	1	3
0	0010	1	2
0	0010	1	1
0	0010	1	4
1	0010	1	3
1	0010	1	3
1	0010	1	3
1	0010	1	3
1	0010	1	3
0	0010	1	3
1	0010	1	3
1	0010	1	3
1	0010	1	3
1	0010	1	1
0	0010	1	3
0	0010	1	3
1	0010	1	1
0	0010	1	3
1	0010	1	1
1	0010	1	3
1	0010	1	3
0	0010	1	2
1	0010	1	1
0	0010	1	3
1	0010	1	1
0	0010	1	3
1	0010	1	3
0	0010	1	3
0	0010	1	2
1	0010	1	3
1	0010	1	3
0	0010	1	3
1	0010	1	1
1	0010	1	1
1	0010	1	3
0	0011	1	1
0	0011	1	2
0	0011	1	3
0	0011	1	4
1	0011	2	3
1	0011	2	3
1	0011	2	3
0	0011	2	3
0	0011	2	4
1	0011	1	1
1	0011	1	2
0	0011	1	3
0	0011	2	4
0	0011	1	1
0	0011	2	1
0	0011	1	2
1	0011	1	3
1	0011	1	1
1	0011	1	3
0	0011	1	3
0	0011	1	2
1	0011	1	1
1	0011	1	1
1	0011	1	3
0	0011	1	1
0	0011	1	1
1	0011	2	1
1	0011	1	1
0	0011	1	1
0	0011	1	4
0	0011	1	3
0	0011	1	1
0	0011	1	4
0	0011	2	1
0	0011	2	4
1	0011	1	1
0	0011	1	1
1	0011	1	1
1	0011	1	3
1	0011	1	2
1	0011	1	1
0	0011	1	1
1	0011	1	4
1	0011	1	3
1	0011	1	3
1	0011	1	1
0	0011	1	1
0	0011	1	1
1	0011	1	2
1	0011	1	2
0	0011	1	2
1	0011	2	1
1	0011	1	2
0	0011	1	3
0	0011	1	4
0	0011	1	3
1	0011	2	3
0	0011	1	1
0	0011	2	4
1	0011	1	3
1	0011	1	1
0	0011	1	4
0	0011	1	1
1	0011	2	3
1	0011	2	3
1	0011	2	1
1	0011	2	3
1	0011	2	1
1	0011	2	1
1	0011	1	1
1	0011	2	3
1	0011	2	1
1	0011	2	1
1	0011	2	1
1	0011	2	3
1	0011	2	1
1	0011	2	3
1	0011	2	3
1	0011	2	3
0	0011	2	3
1	0011	2	4
0	0011	2	4
0	0011	1	1
1	0011	1	2
0	0011	1	1
0	0011	1	4
0	0011	2	2
0	0011	2	3
0	0011	2	4
1	0011	1	2
1	0011	1	2
1	0011	1	2
1	0011	1	2
1	0011	1	2
1	0011	1	2
0	0011	1	2
1	0011	1	4
0	0011	1	2
0	0011	1	1
0	0011	2	1
1	0011	2	4
0	0011	2	4
0	0011	2	3
0	0011	1	1
1	0011	1	2
1	0011	1	2
1	0011	1	1
0	0011	1	4
0	0011	1	1
1	0011	2	4
0	0011	2	4
1	0011	2	1
0	0011	2	3
0	0011	1	1
1	0011	1	2
1	0011	1	2
0	0011	1	1
0	0011	1	4
0	0011	2	2
0	0011	1	2
0	0011	2	1
1	0011	1	1
0	0011	1	4
0	0011	1	1
0	0011	1	2
0	0011	2	4
1	0011	2	3
1	0011	2	1
0	0011	2	3
0	0011	2	1
1	0011	2	4
0	0011	2	2
0	0011	2	3
1	0011	1	2
0	0011	1	4
0	0011	1	3
1	0011	1	1
0	0011	2	1
0	0011	1	1
1	0011	1	4
0	0011	2	3
0	0011	1	2
0	0011	1	4
0	0011	2	3
0	0011	2	4
0	0011	1	3
0	0011	2	2
1	0011	2	1
1	0011	1	1
1	0011	1	4
1	0011	1	4
1	0011	2	3
1	0011	2	3
0	0011	2	4
1	0011	2	1
0	0011	1	2
1	0011	2	3
0	0011	2	3
0	0011	2	3
0	0011	1	3
1	0011	1	2
1	0011	1	2
0	0011	1	2
0	0011	2	3
0	0011	2	1
1	0011	2	4
0	0011	1	1
0	0011	1	2
1	0011	2	3
1	0011	2	3
0	0011	2	3
1	0011	2	4
0	0011	2	3
0	0011	1	1
0	0011	1	1
0	0011	1	4
0	0011	2	4
0	0011	1	1
0	0011	1	2
1	0011	2	3
0	0011	2	3
1	0011	1	2
1	0011	2	3
1	0011	1	2
1	0011	2	1
1	0011	1	4
0	0011	2	3
0	0011	1	4
1	0011	2	3
0	0011	1	2
0	0014	1	1
0	0014	1	4
1	0014	2	2
0	0014	2	2
0	0014	2	2
0	0014	2	1
1	0014	1	3
1	0014	1	3
1	0014	1	1
1	0014	1	3
0	0014	1	1
0	0014	1	1
1	0014	1	3
1	0014	1	3
0	0014	1	3
1	0014	1	3
1	0014	1	1
0	0014	1	3
0	0014	1	3
1	0014	2	1
1	0014	2	1
0	0014	2	1
0	0014	1	4
0	0014	1	2
1	0014	1	3
0	0014	1	3
0	0014	1	3
1	0014	1	4
0	0014	1	2
1	0014	2	2
0	0014	2	2
0	0014	2	2
0	0014	1	1
1	0014	1	4
0	0014	1	4
1	0014	1	3
1	0014	1	3
1	0014	1	1
1	0014	1	3
1	0014	1	1
1	0014	1	3
1	0014	1	1
0	0014	1	3
1	0014	1	3
1	0014	1	3
1	0014	1	1
0	0014	1	1
1	0014	1	3
1	0014	1	3
0	0014	1	3
1	0014	1	3
1	0014	1	3
0	0014	1	3
1	0014	1	1
1	0014	1	3
1	0014	1	1
0	0014	1	3
1	0014	1	3
1	0014	1	3
1	0014	1	3
1	0014	1	1
1	0014	1	3
0	0014	1	1
1	0014	1	1
0	0014	1	1
1	0014	1	1
1	0014	1	3
1	0014	1	3
1	0014	1	3
0	0014	1	3
1	0014	1	3
1	0014	1	3
1	0014	1	3
1	0014	1	3
0	0014	1	1
0	0014	1	1
1	0014	1	1
0	0014	1	3
1	0014	1	4
1	0014	1	3
0	0014	1	4
1	0014	1	3
0	0014	1	1
0	0014	1	3
0	0014	2	2
1	0014	1	3
0	0014	1	1
1	0014	1	4
1	0014	1	3
1	0014	2	2
0	0014	2	4
0	0014	1	3
0	0014	1	1
1	0014	1	3
0	0014	1	3
1	0014	2	2
1	0014	2	2
1	0014	2	2
1	0014	2	2
1	0014	2	4
0	0014	2	2
1	0014	2	2
0	0014	2	2
0	0014	1	1
1	0014	1	3
0	0014	1	1
1	0014	1	1
1	0014	1	1
0	0014	1	3
0	0014	2	4
1	0014	2	4
1	0014	2	2
0	0014	2	2
1	0014	1	3
0	0014	2	4
0	0014	1	3
0	0014	1	4
1	0014	1	3
0	0014	2	4
1	0014	2	2
0	0014	2	2
1	0014	2	2
0	0014	1	4
1	0014	1	3
1	0014	1	3
1	0014	1	3
1	0014	1	3
0	0014	1	3
0	0014	1	1
0	0014	2	2
0	0014	2	1
1	0014	1	3
1	0014	1	1
0	0014	1	3
0	0014	1	3
0	0014	1	2
0	0014	2	2
1	0014	2	1
1	0014	2	3
0	0014	2	3
0	0014	2	4
0	0014	2	3
1	0014	1	3
1	0014	1	1
0	0014	1	3
0	0014	1	3
0	0014	1	2
0	0014	1	3
1	0014	2	4
1	0014	2	4
0	0014	2	2
1	0014	2	3
0	0014	2	1
0	0014	2	2
0	0014	2	1
1	0014	1	3
0	0014	1	1
0	0014	1	3
1	0014	1	2
0	0014	1	4
0	0014	2	2
0	0014	1	1
0	0014	2	4
0	0014	2	4
1	0014	2	1
0	0014	2	3
0	0014	2	2
1	0014	1	3
1	0014	1	3
1	0014	1	1
1	0014	1	3
0	0014	1	3
1	0014	1	3
0	0014	1	1
0	0014	1	3
1	0014	1	4
0	0014	1	2
0	0014	1	4
0	0014	1	4
1	0014	1	3
0	0015	2	1
1	0015	2	1
1	0015	1	4
0	0015	2	1
1	0015	2	2
1	0015	1	3
1	0015	1	3
1	0015	1	3
1	0015	1	3
0	0015	1	3
0	0015	2	2
0	0015	1	3
0	0015	1	3
1	0015	2	2
0	0015	2	4
1	0015	2	1
1	0015	1	3
0	0015	1	3
0	0015	2	3
1	0015	2	4
1	0015	2	4
0	0015	2	4
1	0015	2	1
1	0015	1	3
1	0015	2	2
0	0015	2	1
0	0015	2	3
0	0015	1	4
0	0015	1	3
0	0015	2	2
1	0015	2	2
0	0015	1	3
1	0015	2	1
1	0015	1	3
0	0015	1	3
1	0015	2	1
1	0015	2	1
0	0015	1	3
0	0015	1	4
0	0015	1	3
1	0015	2	2
0	0015	2	2
1	0015	2	3
1	0015	2	1
0	0015	2	3
1	0015	2	2
0	0015	2	2
1	0015	1	3
0	0015	1	3
1	0015	1	2
0	0015	2	2
1	0015	2	1
0	0015	1	3
1	0015	1	3
0	0015	2	2
0	0015	2	1
1	0015	1	3
0	0015	1	2
0	0015	2	1
1	0015	2	1
1	0015	2	1
0	0015	1	1
1	0015	1	2
0	0015	1	3
0	0015	2	3
0	0015	1	1
0	0015	1	4
1	0015	1	1
0	0015	2	4
0	0015	1	3
1	0015	2	4
0	0015	2	4
0	0015	1	1
1	0015	2	2
0	0015	2	2
0	0015	2	1
0	0015	2	2
0	0015	1	1
1	0015	1	4
0	0015	1	2
0	0015	1	3
1	0015	2	2
0	0015	2	4
0	0015	2	2
0	0015	1	1
0	0015	2	4
0	0015	1	4
0	0015	1	1
0	0015	1	1
0	0015	1	2
1	0015	1	4
0	0015	1	4
0	0015	2	3
0	0015	2	4
0	0015	1	3
1	0015	2	3
0	0015	1	3
0	0015	2	1
1	0015	2	4
0	0015	1	3
0	0015	2	1
1	0015	1	3
1	0015	1	3
1	0015	1	1
1	0015	2	3
0	0015	2	1
0	0015	2	1
0	0015	2	4
0	0015	2	2
0	0015	1	4
1	0015	2	2
0	0015	1	3
1	0015	2	1
0	0015	2	1
1	0015	2	3
1	0015	1	4
1	0015	1	4
1	0015	1	4
1	0015	2	2
0	0015	1	3
0	0015	2	1
0	0015	1	4
1	0015	1	1
0	0015	1	1
0	0015	2	4
0	0015	1	3
1	0015	2	2
1	0015	2	3
0	0015	1	1
0	0015	1	4
0	0015	2	2
1	0015	2	2
1	0015	2	2
1	0015	2	2
0	0015	2	4
1	0015	1	3
0	0015	1	2
1	0015	1	3
1	0015	1	3
1	0015	1	2
0	0015	2	2
1	0015	2	3
0	0015	1	1
1	0015	1	4
0	0015	1	3
1	0015	2	4
1	0015	2	4
1	0015	2	4
1	0015	2	3
1	0015	1	3
0	0015	1	4
1	0015	1	3
1	0015	2	2
0	0015	1	4
1	0015	1	3
0	0015	1	3
1	0015	1	1
1	0015	1	4
1	0015	2	2
1	0015	1	2
0	0015	1	4
1	0015	1	2
1	0015	1	4
1	0015	1	4
1	0015	1	4
1	0015	2	2
0	0015	2	2
0	0015	2	1
0	0015	1	1
0	0015	1	1
1	0015	1	4
0	0015	2	4
0	0015	1	2
0	0015	1	1
0	0015	2	1
1	0015	1	1
1	0015	1	4
0	0017	2	4
1	0017	2	2
1	0017	2	1
1	0017	2	1
1	0017	2	3
1	0017	2	3
0	0017	2	4
0	0017	2	3
1	0017	1	2
0	0017	1	2
1	0017	2	3
0	0017	2	3
1	0017	2	1
1	0017	2	4
0	0017	1	4
1	0017	1	4
0	0017	1	2
1	0017	1	2
0	0017	2	4
0	0017	1	4
0	0017	1	4
0	0017	2	4
1	0017	1	1
0	0017	2	4
0	0017	1	3
0	0017	2	4
0	0017	1	2
1	0017	1	2
0	0017	2	4
1	0017	1	4
0	0017	2	4
1	0017	1	2
1	0017	1	2
1	0017	2	4
1	0017	2	2
1	0017	1	3
1	0017	2	4
1	0017	1	1
0	0017	2	2
0	0017	1	2
0	0017	2	1
0	0017	2	4
1	0017	1	1
0	0017	2	4
1	0017	1	2
1	0017	1	2
1	0017	1	2
0	0017	2	4
1	0017	1	2
1	0017	2	3
0	0017	2	4
0	0017	2	3
0	0017	2	4
0	0017	1	2
0	0017	2	2
0	0017	2	4
1	0017	1	3
1	0017	1	4
0	0017	2	4
1	0017	1	2
0	0017	1	2
0	0017	2	4
1	0017	1	2
1	0017	2	2
0	0017	1	4
1	0017	1	4
1	0017	1	2
1	0017	2	1
1	0017	1	2
0	0017	2	4
0	0017	1	2
0	0017	1	4
1	0017	2	1
0	0017	2	4
1	0017	1	3
1	0017	2	4
1	0017	2	2
1	0017	2	3
1	0017	2	4
1	0017	2	4
0	0017	2	4
1	0017	1	2
0	0017	2	3
0	0017	2	2
0	0017	1	2
0	0017	1	3
0	0017	2	4
0	0017	1	1
1	0017	2	2
0	0017	2	2
1	0017	1	1
0	0017	2	4
0	0017	2	3
1	0017	1	2
0	0017	2	2
0	0017	2	3
1	0017	2	3
0	0017	2	3
1	0017	2	3
0	0017	2	3
1	0017	2	3
0	0017	1	1
1	0017	1	2
0	0017	2	3
1	0017	2	3
1	0017	2	1
0	0017	1	3
0	0017	2	2
0	0017	1	2
0	0017	1	1
0	0017	2	2
0	0017	2	4
0	0017	1	1
0	0017	2	4
1	0017	1	3
0	0017	2	4
1	0017	1	2
1	0017	2	4
0	0017	1	1
0	0017	1	2
1	0017	2	4
0	0017	2	2
0	0017	1	1
0	0017	2	4
0	0017	1	2
1	0017	1	4
0	0017	1	2
0	0017	2	4
0	0017	2	4
0	0017	1	1
0	0017	1	2
1	0017	2	2
1	0017	2	3
1	0017	2	3
0	0017	2	1
1	0017	2	4
1	0017	1	2
1	0017	1	4
0	0017	2	3
0	0017	2	1
0	0017	2	3
0	0017	2	2
1	0017	1	2
1	0017	2	3
1	0017	2	3
0	0017	2	3
1	0017	2	1
0	0017	2	3
0	0017	2	4
0	0017	2	4
0	0017	2	4
0	0017	2	1
1	0017	2	2
1	0017	2	3
0	0017	1	4
0	0017	2	4
1	0017	1	2
1	0017	1	1
1	0017	2	3
1	0017	2	3
0	0017	1	2
0	0017	2	4
1	0017	1	2
1	0017	1	1
0	0017	2	3
0	0017	2	4
0	0017	2	4
0	0017	1	2
1	0017	2	3
1	0017	1	4
0	0017	2	4
1	0017	1	2
1	0017	2	3
1	0017	2	4
1	0017	1	1
0	0017	2	4
1	0017	2	3
0	0017	2	2
0	0017	1	1
0	0017	1	2
1	0017	1	3
1	0017	2	4
1	0017	1	4
0	0017	1	2
1	0025	1	4
0	0025	1	3
0	0025	1	2
0	0025	1	1
1	0025	1	2
0	0025	2	4
1	0025	2	2
1	0025	2	2
1	0025	2	2
0	0025	2	4
0	0025	2	4
0	0025	2	2
0	0025	2	2
0	0025	2	1
0	0025	2	1
0	0025	2	2
0	0025	2	2
1	0025	1	4
1	0025	1	4
1	0025	1	4
1	0025	1	3
1	0025	1	4
1	0025	1	2
0	0025	1	4
0	0025	1	2
0	0025	1	2
0	0025	1	4
0	0025	1	2
1	0025	1	4
0	0025	1	4
0	0025	1	1
0	0025	1	2
0	0025	1	3
1	0025	1	2
1	0025	1	3
1	0025	1	2
1	0025	1	3
0	0025	1	2
1	0025	1	4
1	0025	1	3
1	0025	1	1
1	0025	1	2
0	0025	1	4
0	0025	1	4
1	0025	1	4
1	0025	1	4
1	0025	1	4
0	0025	1	4
1	0025	1	3
0	0025	1	1
0	0025	1	1
0	0025	1	4
1	0025	1	4
0	0025	1	3
0	0025	1	3
0	0025	1	4
1	0025	1	4
0	0025	2	1
1	0025	2	2
1	0025	2	4
1	0025	2	2
1	0025	2	2
0	0025	2	4
0	0025	2	4
0	0025	2	4
0	0025	2	2
0	0025	2	2
0	0025	2	2
0	0025	2	4
1	0025	2	2
0	0025	2	2
0	0025	1	4
0	0025	1	3
1	0025	1	4
0	0025	1	2
1	0025	1	2
0	0025	1	4
0	0025	2	2
0	0025	2	2
0	0025	2	4
0	0025	2	2
0	0025	2	2
0	0025	2	2
0	0025	2	2
0	0025	2	3
0	0025	2	3
1	0025	2	2
0	0025	2	4
1	0025	2	2
0	0025	2	2
0	0025	2	2
1	0025	2	1
0	0025	1	3
0	0025	1	4
0	0025	1	3
0	0025	1	2
0	0025	1	3
0	0025	1	3
0	0025	1	3
1	0025	1	4
1	0025	2	2
0	0025	2	2
0	0025	2	2
0	0025	2	2
0	0025	2	2
1	0025	2	2
1	0025	2	4
0	0025	2	2
1	0025	2	2
0	0025	2	4
0	0025	2	2
0	0025	2	4
1	0025	2	2
0	0025	2	2
1	0025	2	4
0	0025	1	3
0	0025	1	3
0	0025	1	4
1	0025	1	2
0	0025	1	4
1	0025	1	4
0	0025	1	4
1	0025	1	2
0	0025	1	4
0	0025	1	4
0	0025	1	4
0	0025	1	2
1	0025	1	2
0	0025	1	4
1	0025	1	4
0	0025	1	4
1	0025	1	4
1	0025	1	4
0	0025	1	4
0	0025	1	4
0	0025	1	4
1	0025	1	4
1	0025	2	2
1	0025	2	4
1	0025	2	4
1	0025	2	2
0	0025	2	4
1	0025	2	2
0	0025	2	4
1	0025	2	2
1	0025	2	2
0	0025	2	2
0	0025	2	2
0	0025	2	4
0	0025	2	4
1	0025	2	1
1	0025	1	4
1	0025	2	1
0	0025	2	2
0	0025	2	3
1	0025	2	1
0	0025	2	1
1	0025	2	1
0	0025	2	1
0	0025	2	1
1	0025	2	1
0	0025	2	1
1	0025	2	1
0	0025	2	1
1	0025	2	1
0	0025	2	1
0	0025	2	1
0	0025	2	1
1	0025	2	1
1	0025	2	2
0	0025	2	4
0	0025	2	1
1	0025	2	2
0	0025	1	2
0	0025	2	2
0	0025	2	4
1	0025	2	3
0	0025	1	4
1	0025	1	4
0	0025	2	4
0	0025	2	4
1	0025	2	4
1	0032	1	2
0	0032	2	3
1	0032	2	4
0	0032	1	2
0	0032	1	2
0	0032	1	2
0	0032	2	3
0	0032	2	4
1	0032	1	2
1	0032	2	3
0	0032	1	3
1	0032	2	4
1	0032	1	4
1	0032	1	2
0	0032	1	2
1	0032	1	4
0	0032	1	2
0	0032	1	1
1	0032	2	2
0	0032	1	2
0	0032	2	4
1	0032	1	1
1	0032	2	4
1	0032	1	2
0	0032	2	2
1	0032	1	2
1	0032	1	4
0	0032	2	3
0	0032	2	3
1	0032	2	4
1	0032	1	2
1	0032	1	2
0	0032	1	2
1	0032	2	1
1	0032	2	4
1	0032	1	2
1	0032	2	3
0	0032	1	2
0	0032	2	4
1	0032	1	1
0	0032	1	2
1	0032	2	1
1	0032	1	3
1	0032	2	3
0	0032	1	1
0	0032	1	4
1	0032	2	1
0	0032	1	2
0	0032	1	3
1	0032	1	2
1	0032	2	4
0	0032	2	4
1	0032	1	2
1	0032	1	2
1	0032	2	3
1	0032	1	2
0	0032	2	4
1	0032	1	1
0	0032	2	4
0	0032	1	1
0	0032	2	4
0	0032	1	3
0	0032	2	4
1	0032	1	2
1	0032	1	2
1	0032	2	4
1	0032	1	4
1	0032	2	4
1	0032	1	3
1	0032	2	1
1	0032	1	2
1	0032	2	4
0	0032	1	4
1	0032	2	3
0	0032	1	1
0	0032	2	4
0	0032	1	3
1	0032	2	3
0	0032	1	1
1	0032	2	2
0	0032	1	2
0	0032	2	2
0	0032	1	1
0	0032	2	4
0	0032	1	1
0	0032	2	4
1	0032	1	2
1	0032	1	4
0	0032	2	4
0	0032	1	2
1	0032	2	3
0	0032	2	4
0	0032	1	2
0	0032	1	1
0	0032	2	3
0	0032	2	4
1	0032	1	2
0	0032	1	2
0	0032	1	3
1	0032	2	4
0	0032	1	4
0	0032	1	3
1	0032	2	4
0	0032	1	4
1	0032	1	4
1	0032	1	1
1	0032	2	3
1	0032	2	1
0	0032	2	3
1	0032	1	4
0	0032	2	4
1	0032	1	2
1	0032	1	2
1	0032	1	2
0	0032	2	4
0	0032	1	1
0	0032	2	4
1	0032	1	2
0	0032	1	1
0	0032	2	2
0	0032	1	2
0	0032	1	2
0	0032	2	2
1	0032	1	1
0	0032	2	3
1	0032	1	4
0	0032	2	4
1	0032	1	2
0	0032	1	2
1	0032	1	2
0	0032	1	2
0	0032	1	2
0	0032	1	2
0	0032	2	2
0	0032	1	1
0	0032	2	4
0	0032	1	2
1	0032	1	3
1	0032	1	2
0	0032	1	3
0	0032	2	4
0	0032	1	2
0	0032	1	2
0	0032	1	2
0	0032	1	3
0	0032	2	2
1	0032	1	2
0	0032	2	4
1	0032	1	2
1	0032	1	4
1	0032	2	2
0	0032	1	2
0	0032	1	2
1	0032	2	3
0	0032	2	4
0	0032	1	2
0	0032	2	3
0	0032	2	2
0	0032	1	2
0	0032	1	2
1	0032	2	4
0	0032	1	2
0	0032	2	4
1	0032	1	1
0	0032	2	4
0	0032	1	4
1	0032	1	4
0	0032	1	4
1	0032	1	1
0	0032	2	4
0	0032	1	1
0	0032	2	4
0	0032	1	2
0	0032	1	4
1	0032	2	4
0	0032	1	2
0	0032	1	4
1	0032	1	2
0	0032	2	3
1	0032	2	1
1	0032	2	2
0	0032	1	2
1	0032	2	4
0	0032	1	2
1	0032	1	4
1	0032	1	2
1	0032	2	4
1	0032	2	1
1	0038	2	1
1	0038	2	4
1	0038	2	3
1	0038	2	4
1	0038	2	3
0	0038	2	1
0	0038	2	2
1	0038	2	1
1	0038	1	2
0	0038	1	2
1	0038	2	3
0	0038	2	4
1	0038	2	1
1	0038	2	3
1	0038	2	1
0	0038	1	4
0	0038	1	1
0	0038	2	4
1	0038	2	3
0	0038	2	2
0	0038	2	3
0	0038	1	3
1	0038	1	2
1	0038	1	4
0	0038	1	4
1	0038	1	1
1	0038	1	3
0	0038	1	1
1	0038	1	2
0	0038	1	2
1	0038	1	1
1	0038	1	2
0	0038	1	1
1	0038	2	1
1	0038	2	3
1	0038	2	4
1	0038	2	1
1	0038	2	3
1	0038	2	4
0	0038	2	4
0	0038	2	3
0	0038	2	3
0	0038	2	4
0	0038	1	1
1	0038	2	3
0	0038	2	2
1	0038	1	3
0	0038	1	1
0	0038	2	3
1	0038	2	3
0	0038	2	4
0	0038	1	1
1	0038	1	3
1	0038	1	1
0	0038	1	1
1	0038	1	2
0	0038	1	1
0	0038	1	2
1	0038	1	3
1	0038	1	1
0	0038	1	4
1	0038	1	1
0	0038	1	4
1	0038	1	1
0	0038	1	3
1	0038	2	1
1	0038	1	4
1	0038	1	1
1	0038	1	1
0	0038	1	1
0	0038	1	2
1	0038	1	1
1	0038	1	1
1	0038	2	3
1	0038	1	3
1	0038	1	2
0	0038	1	3
0	0038	1	3
1	0038	1	2
0	0038	1	2
0	0038	1	1
0	0038	2	3
0	0038	1	1
0	0038	1	2
0	0038	1	3
0	0038	2	1
0	0038	2	4
0	0038	1	1
0	0038	1	2
0	0038	1	3
0	0038	1	1
0	0038	2	1
1	0038	1	1
0	0038	1	2
0	0038	1	2
1	0038	1	1
0	0038	1	3
1	0038	2	3
0	0038	2	1
0	0038	1	2
1	0038	1	3
0	0038	1	2
0	0038	1	1
1	0038	1	3
1	0038	1	1
1	0038	1	3
1	0038	1	2
0	0038	1	1
0	0038	1	4
1	0038	1	3
0	0038	1	2
1	0038	1	1
1	0038	1	4
0	0038	1	1
1	0038	1	4
0	0038	1	1
1	0038	2	4
0	0038	2	3
1	0038	1	2
1	0038	1	3
0	0038	1	2
1	0038	1	1
0	0038	1	1
1	0038	1	2
1	0038	1	1
0	0038	1	2
1	0038	1	3
1	0038	1	1
0	0038	1	2
0	0038	1	1
0	0038	2	3
0	0038	2	2
1	0038	2	3
0	0038	2	3
1	0038	1	3
0	0038	1	1
1	0038	1	1
0	0038	1	2
1	0038	1	1
1	0038	1	3
1	0038	1	1
0	0038	1	2
0	0038	1	1
0	0038	1	2
1	0038	1	1
0	0038	1	3
0	0038	1	3
0	0038	1	2
0	0038	1	1
0	0038	2	4
0	0038	1	2
1	0038	1	3
0	0038	1	4
1	0038	1	1
0	0038	2	3
0	0038	1	3
1	0038	2	3
1	0038	1	1
0	0038	1	1
1	0038	1	1
0	0038	1	3
1	0038	2	1
0	0040	1	3
1	0040	2	3
1	0040	2	1
1	0040	2	3
1	0040	2	3
0	0040	2	3
0	0040	2	3
1	0040	2	3
1	0040	2	3
0	0040	2	3
0	0040	2	3
0	0040	2	1
1	0040	2	4
0	0040	2	4
1	0040	2	4
0	0040	2	4
0	0040	2	4
0	0040	1	2
1	0040	1	2
0	0040	2	2
0	0040	2	3
1	0040	1	1
1	0040	1	1
1	0040	1	1
0	0040	1	1
1	0040	1	3
1	0040	1	3
1	0040	1	1
1	0040	1	3
1	0040	1	1
0	0040	1	3
1	0040	1	1
0	0040	2	1
1	0040	2	3
1	0040	2	3
0	0040	2	3
1	0040	2	3
1	0040	2	3
1	0040	2	1
1	0040	2	3
1	0040	2	3
1	0040	2	3
1	0040	2	3
0	0040	2	3
1	0040	2	1
0	0040	2	3
1	0040	2	3
0	0040	2	3
1	0040	2	2
0	0040	1	3
1	0040	1	4
1	0040	1	2
0	0040	1	2
1	0040	1	4
0	0040	1	2
1	0040	1	2
0	0040	1	2
1	0040	1	4
1	0040	1	2
1	0040	1	1
1	0040	1	4
0	0040	1	2
1	0040	1	2
0	0040	1	2
0	0040	1	2
0	0040	1	2
1	0040	2	3
1	0040	2	3
0	0040	2	3
0	0040	2	3
1	0040	2	3
1	0040	2	3
0	0040	2	1
1	0040	2	1
1	0040	2	3
0	0040	2	3
0	0040	2	3
1	0040	2	3
1	0040	1	3
0	0040	1	2
1	0040	1	3
0	0040	1	1
1	0040	1	1
1	0040	1	1
1	0040	1	3
1	0040	1	1
0	0040	1	1
1	0040	1	3
1	0040	1	1
0	0040	1	1
0	0040	1	1
0	0040	1	1
0	0040	2	4
0	0040	2	1
1	0040	2	1
0	0040	2	2
0	0040	2	3
1	0040	2	3
1	0040	1	3
1	0040	1	1
1	0040	1	1
1	0040	1	1
0	0040	1	1
0	0040	1	1
0	0040	1	1
0	0040	1	2
1	0040	2	3
1	0040	2	3
0	0040	2	3
0	0040	2	3
1	0040	2	1
1	0040	2	4
0	0040	2	2
0	0040	2	2
0	0040	2	1
1	0040	1	3
0	0040	2	3
1	0040	2	1
1	0040	2	3
1	0040	2	3
1	0040	2	3
0	0040	2	3
1	0040	2	3
1	0040	2	3
1	0040	2	3
1	0040	2	3
1	0040	2	3
1	0040	2	3
1	0040	2	3
1	0040	2	3
0	0040	2	4
0	0040	2	1
0	0040	2	3
0	0040	2	4
0	0040	2	3
1	0040	1	4
0	0040	1	2
0	0040	1	4
0	0040	1	2
0	0040	1	2
1	0040	1	1
1	0040	1	1
0	0040	1	1
0	0040	1	1
0	0040	1	1
0	0040	2	3
0	0040	2	2
1	0040	2	4
0	0040	2	4
1	0040	2	3
1	0040	2	3
0	0040	2	4
1	0040	2	1
1	0040	2	3
1	0040	2	3
1	0040	2	3
1	0040	2	3
1	0040	2	3
0	0040	2	3
1	0040	2	1
1	0040	2	3
1	0040	2	3
1	0040	2	3
1	0040	2	1
1	0040	2	3
1	0040	2	3
1	0040	2	4
0	0040	2	1
0	0040	2	3
1	0040	1	2
1	0040	1	2
0	0040	1	2
1	0040	1	2
1	0040	1	4
0	0040	1	2
1	0040	2	4
1	0040	2	4
1	0040	2	4
0	0040	2	2
0	0040	2	4
1	0040	1	2
0	0040	1	2
1	0040	1	3
0	0040	1	4
1	0040	2	4
1	0040	1	3
1	0040	1	4
1	0040	1	2
1	0040	1	2
0	0040	1	2
0	0055	2	2
1	0055	1	2
0	0055	2	2
1	0055	2	1
1	0055	2	1
1	0055	1	4
0	0055	1	3
1	0055	2	3
0	0055	2	4
0	0055	2	4
0	0055	1	3
0	0055	2	2
0	0055	2	2
1	0055	2	4
0	0055	1	1
0	0055	1	4
1	0055	2	2
0	0055	2	3
0	0055	1	4
0	0055	2	1
0	0055	1	3
1	0055	1	4
0	0055	1	1
1	0055	1	4
1	0055	2	3
0	0055	2	3
1	0055	1	4
1	0055	1	4
1	0055	1	3
1	0055	2	2
1	0055	2	2
1	0055	2	2
1	0055	2	2
0	0055	1	1
0	0055	2	1
0	0055	2	3
1	0055	2	2
1	0055	1	2
1	0055	2	2
1	0055	1	4
1	0055	2	2
0	0055	1	3
0	0055	1	2
1	0055	1	2
1	0055	2	2
0	0055	2	3
0	0055	2	2
1	0055	2	2
1	0055	2	2
0	0055	1	2
1	0055	1	4
0	0055	1	4
0	0055	2	4
0	0055	1	3
0	0055	2	2
0	0055	2	3
0	0055	1	3
1	0055	1	4
0	0055	2	1
0	0055	1	4
1	0055	2	1
1	0055	2	2
0	0055	1	1
0	0055	1	4
0	0055	2	4
1	0055	1	4
1	0055	1	3
0	0055	2	1
1	0055	2	4
1	0055	2	1
1	0055	1	2
0	0055	1	4
1	0055	1	3
0	0055	2	4
0	0055	2	1
0	0055	2	4
0	0055	1	1
1	0055	2	1
0	0055	2	1
0	0055	1	4
1	0055	1	2
1	0055	2	1
1	0055	1	4
1	0055	2	3
0	0055	1	4
1	0055	2	1
0	0055	2	1
1	0055	1	4
0	0055	1	4
0	0055	2	3
0	0055	1	2
0	0055	1	4
1	0055	1	3
1	0055	2	2
0	0055	1	4
1	0055	2	3
0	0055	1	4
0	0055	1	3
1	0055	2	1
0	0055	2	1
0	0055	1	4
0	0055	2	1
1	0055	2	2
0	0055	1	3
0	0055	2	3
0	0055	1	4
1	0055	2	1
0	0055	1	4
0	0055	1	4
0	0055	2	3
0	0055	2	2
0	0055	2	1
1	0055	1	4
0	0055	1	4
1	0055	1	2
1	0055	1	3
0	0055	2	4
1	0055	2	1
0	0055	1	4
0	0055	1	4
0	0055	2	2
0	0055	2	2
1	0055	1	1
1	0055	2	2
1	0055	1	3
0	0055	2	2
1	0055	1	4
1	0055	2	4
0	0055	1	4
1	0055	2	3
0	0055	1	2
1	0055	1	3
1	0055	2	4
0	0055	2	3
1	0055	1	4
1	0055	2	1
1	0055	2	2
1	0055	1	2
1	0055	2	1
0	0055	2	1
1	0055	2	2
1	0055	1	1
0	0055	2	2
0	0055	2	2
0	0055	2	1
0	0055	1	4
1	0055	2	1
0	0055	2	4
1	0055	1	3
1	0055	1	3
0	0055	1	4
0	0055	1	1
0	0055	2	4
1	0055	1	3
0	0055	2	2
1	0055	2	4
1	0055	1	1
1	0055	2	2
1	0055	1	3
1	0055	2	2
0	0055	2	3
0	0055	1	3
1	0055	1	3
0	0055	2	2
0	0055	2	2
0	0055	2	1
1	0055	1	4
0	0055	1	4
1	0055	2	3
0	0055	2	1
1	0055	1	4
0	0055	1	4
1	0055	2	1
1	0055	2	4
0	0055	2	2
0	0055	1	3
1	0055	2	2
0	0055	2	1
0	0055	2	2
1	0055	1	1
0	0055	1	4
1	0055	2	3
0	0055	2	2
1	0055	2	3
0	0057	1	4
1	0057	1	4
1	0057	1	3
0	0057	1	4
1	0057	1	3
0	0057	1	3
1	0057	1	1
1	0057	2	3
1	0057	1	2
0	0057	2	2
1	0057	2	4
1	0057	2	2
1	0057	2	2
1	0057	2	4
1	0057	1	2
1	0057	1	2
1	0057	2	2
1	0057	2	2
0	0057	2	4
1	0057	2	2
0	0057	1	1
0	0057	1	4
0	0057	2	2
0	0057	2	1
1	0057	2	4
0	0057	1	4
1	0057	1	2
1	0057	2	4
0	0057	2	4
1	0057	2	1
0	0057	1	1
0	0057	2	2
0	0057	2	1
0	0057	2	3
0	0057	2	2
1	0057	1	1
0	0057	1	3
1	0057	2	1
0	0057	1	3
1	0057	2	1
1	0057	2	1
0	0057	2	2
0	0057	2	4
1	0057	1	3
0	0057	1	3
0	0057	1	4
0	0057	2	2
0	0057	1	1
0	0057	2	1
0	0057	2	2
1	0057	1	4
0	0057	1	3
0	0057	1	4
1	0057	1	4
1	0057	1	4
0	0057	1	4
0	0057	1	4
0	0057	2	1
0	0057	1	2
0	0057	1	4
1	0057	1	4
0	0057	1	4
0	0057	2	2
1	0057	2	3
0	0057	2	1
0	0057	1	4
0	0057	1	2
1	0057	1	2
1	0057	1	4
0	0057	1	4
1	0057	2	1
1	0057	2	1
1	0057	2	1
1	0057	2	1
1	0057	2	2
1	0057	2	1
0	0057	2	4
0	0057	2	2
0	0057	1	3
1	0057	1	4
1	0057	2	3
0	0057	2	1
1	0057	2	2
0	0057	1	2
0	0057	2	2
0	0057	1	4
1	0057	1	3
0	0057	2	2
1	0057	2	1
1	0057	2	1
1	0057	2	3
0	0057	2	3
1	0057	2	2
0	0057	1	4
1	0057	2	2
1	0057	2	2
1	0057	2	1
0	0057	2	2
0	0057	1	2
0	0057	2	2
1	0057	2	1
0	0057	2	3
0	0057	2	3
0	0057	2	1
1	0057	2	2
0	0057	2	2
1	0057	1	3
1	0057	1	3
1	0057	2	1
1	0057	2	2
1	0057	2	2
1	0057	2	1
1	0057	1	4
0	0057	2	2
0	0057	2	1
0	0057	1	4
1	0057	1	1
0	0057	1	3
0	0057	1	4
0	0057	1	3
0	0057	2	1
0	0057	2	2
1	0057	2	1
0	0057	2	1
0	0057	1	3
1	0057	1	1
0	0057	1	4
1	0057	1	3
0	0057	1	2
1	0057	2	2
1	0057	1	1
1	0057	1	3
1	0057	1	3
1	0057	1	3
1	0057	1	3
0	0057	1	3
1	0057	1	4
1	0057	2	4
1	0057	2	4
0	0057	2	2
0	0057	2	3
0	0057	2	4
0	0057	1	3
0	0059	1	2
0	0059	2	4
1	0059	2	2
1	0059	1	1
0	0059	2	4
0	0059	1	1
1	0059	2	3
0	0059	2	3
1	0059	2	3
1	0059	2	2
0	0059	2	4
0	0059	2	4
1	0059	1	1
1	0059	1	2
0	0059	1	3
1	0059	2	3
0	0059	2	3
1	0059	1	2
1	0059	1	2
1	0059	1	2
0	0059	1	2
1	0059	1	4
0	0059	1	2
1	0059	2	3
1	0059	1	2
1	0059	2	3
0	0059	2	4
1	0059	2	1
0	0059	2	3
1	0059	2	3
1	0059	2	3
0	0059	2	3
0	0059	2	3
0	0059	2	4
0	0059	1	1
0	0059	1	2
1	0059	2	3
0	0059	2	2
0	0059	2	3
0	0059	1	1
0	0059	1	1
0	0059	2	3
1	0059	2	4
1	0059	2	4
0	0059	1	4
1	0059	2	4
1	0059	2	2
1	0059	2	2
0	0059	2	4
0	0059	2	2
1	0059	1	1
0	0059	1	1
0	0059	2	3
0	0059	2	4
1	0059	2	3
0	0059	2	1
1	0059	1	1
0	0059	1	1
0	0059	1	1
0	0059	1	1
0	0059	1	3
0	0059	2	1
0	0059	2	2
1	0059	1	4
0	0059	1	3
0	0059	2	4
0	0059	2	4
1	0059	2	2
1	0059	2	4
1	0059	2	4
1	0059	2	4
1	0059	2	4
0	0059	2	4
0	0059	2	2
0	0059	2	4
0	0059	2	4
0	0059	1	4
1	0059	1	3
0	0059	1	3
1	0059	1	1
0	0059	1	3
1	0059	2	3
0	0059	1	3
0	0059	2	3
0	0059	2	4
0	0059	1	4
0	0059	2	3
1	0059	2	4
0	0059	2	1
1	0059	2	3
0	0059	2	3
0	0059	1	2
0	0059	1	2
0	0059	1	1
1	0059	2	3
0	0059	2	3
1	0059	1	1
0	0059	1	1
0	0059	2	3
0	0059	2	2
0	0059	2	3
0	0059	2	3
1	0059	2	4
1	0059	2	4
1	0059	2	4
0	0059	2	4
1	0059	2	4
1	0059	2	4
0	0059	2	3
1	0059	2	4
0	0059	2	4
0	0059	2	4
1	0059	1	2
0	0059	1	2
0	0059	1	2
1	0059	1	3
0	0059	1	4
0	0059	2	3
0	0059	2	3
1	0059	1	1
1	0059	1	1
1	0059	1	1
0	0059	1	1
0	0059	1	1
1	0059	1	3
1	0059	1	1
0	0059	1	1
0	0059	1	1
1	0059	2	4
0	0059	2	4
1	0059	2	4
1	0059	2	4
0	0059	2	4
1	0059	2	4
0	0059	2	4
1	0059	2	4
0	0059	2	2
1	0059	2	1
0	0059	2	2
1	0059	1	1
0	0059	1	1
0	0059	1	3
1	0059	2	4
1	0059	2	3
1	0059	2	1
1	0059	2	3
0	0059	2	3
1	0059	2	3
1	0059	2	3
0	0059	2	3
0	0059	2	1
1	0059	2	1
1	0059	2	3
1	0059	2	3
1	0059	2	3
0	0059	2	3
1	0059	2	1
0	0059	2	4
1	0059	2	3
0	0059	2	4
1	0059	2	2
1	0059	2	1
1	0059	2	3
1	0059	2	3
1	0059	2	3
1	0059	2	1
0	0059	2	3
1	0059	2	1
1	0059	2	3
0	0059	2	3
1	0059	2	2
0	0059	2	1
0	0059	2	3
0	0059	1	2
1	0059	2	1
1	0059	2	3
1	0059	2	3
0	0059	2	3
1	0059	2	3
0	0059	2	1
0	0059	1	3
0	0059	2	1
1	0059	1	2
1	0062	1	4
0	0062	1	4
0	0062	2	3
1	0062	1	4
0	0062	1	3
0	0062	1	1
0	0062	2	4
1	0062	1	3
0	0062	1	1
1	0062	2	3
1	0062	2	1
0	0062	2	1
0	0062	1	4
0	0062	1	2
0	0062	1	1
0	0062	2	4
0	0062	2	2
0	0062	2	2
1	0062	1	4
1	0062	1	4
0	0062	1	3
1	0062	1	2
1	0062	1	2
1	0062	1	4
1	0062	1	4
1	0062	1	4
0	0062	1	4
1	0062	1	2
1	0062	1	4
1	0062	1	2
1	0062	1	4
0	0062	1	4
0	0062	1	3
1	0062	1	4
1	0062	1	4
0	0062	1	4
0	0062	1	1
1	0062	1	4
0	0062	1	2
1	0062	1	4
1	0062	1	4
1	0062	1	2
1	0062	1	4
1	0062	1	4
0	0062	1	4
1	0062	1	4
1	0062	1	4
0	0062	1	2
0	0062	1	4
1	0062	1	4
1	0062	1	4
1	0062	1	4
1	0062	1	4
1	0062	1	4
0	0062	1	4
0	0062	1	4
1	0062	1	4
0	0062	1	4
0	0062	1	4
0	0062	1	2
0	0062	1	3
1	0062	1	1
1	0062	1	1
1	0062	1	1
1	0062	1	1
1	0062	1	2
1	0062	1	4
1	0062	1	4
0	0062	1	4
0	0062	1	4
0	0062	1	2
1	0062	1	3
0	0062	1	2
0	0062	1	3
1	0062	2	1
0	0062	2	1
0	0062	1	4
0	0062	1	2
0	0062	1	4
1	0062	1	1
0	0062	1	1
1	0062	1	4
1	0062	1	4
0	0062	1	4
1	0062	1	4
0	0062	1	3
1	0062	1	2
0	0062	1	4
1	0062	1	3
1	0062	1	1
1	0062	1	2
0	0062	1	4
1	0062	1	3
1	0062	1	2
1	0062	1	3
0	0062	1	2
0	0062	1	3
1	0062	1	2
1	0062	1	4
1	0062	1	4
0	0062	1	4
1	0062	1	3
1	0062	1	1
0	0062	1	1
1	0062	1	2
1	0062	1	4
1	0062	1	4
1	0062	1	4
0	0062	1	3
1	0062	1	2
1	0062	1	4
0	0062	1	4
0	0062	1	4
0	0062	1	3
1	0062	1	2
0	0062	1	4
1	0062	1	3
1	0062	1	3
1	0062	1	2
0	0062	1	3
0	0062	1	2
0	0062	1	4
0	0062	1	4
0	0062	1	3
1	0062	1	2
1	0062	1	4
0	0062	1	3
1	0062	1	1
0	0062	1	2
1	0062	1	2
1	0062	1	4
0	0062	1	3
0	0062	1	2
1	0062	1	4
0	0062	1	2
0	0062	1	3
1	0062	1	3
1	0062	1	1
1	0062	1	2
1	0062	1	4
0	0062	1	4
1	0062	1	3
0	0062	1	4
0	0062	1	3
0	0062	1	2
1	0062	1	4
0	0062	1	4
1	0062	1	3
1	0062	1	4
0	0062	1	2
0	0062	1	4
0	0062	1	4
0	0062	1	4
1	0062	1	3
0	0062	1	2
1	0062	1	3
1	0062	2	3
0	0062	2	1
1	0062	2	2
1	0062	1	4
1	0062	1	4
0	0062	1	4
1	0062	1	3
1	0062	1	2
1	0062	1	4
0	0062	1	4
1	0062	1	4
1	0062	1	1
0	0062	1	4
0	0062	1	3
0	0062	1	2
1	0062	1	4
0	0062	1	4
0	0062	1	3
1	0062	2	1
1	0062	2	3
0	0062	1	4
1	0062	1	3
1	0062	1	1
0	0062	1	4
0	0062	1	3
0	0062	1	2
1	0062	1	3
1	0062	1	3
1	0062	1	3
1	0062	1	3
1	0062	1	3
1	0069	1	4
1	0069	1	4
1	0069	1	3
1	0069	2	3
1	0069	1	4
0	0069	1	4
0	0069	1	3
1	0069	2	4
1	0069	2	3
1	0069	1	4
0	0069	2	4
1	0069	1	4
1	0069	1	4
1	0069	1	4
1	0069	1	4
0	0069	1	2
0	0069	2	1
0	0069	2	2
1	0069	1	3
0	0069	1	3
0	0069	1	1
1	0069	1	4
0	0069	1	4
1	0069	1	2
0	0069	2	4
0	0069	1	4
0	0069	1	1
0	0069	2	3
1	0069	2	2
1	0069	1	2
1	0069	1	4
1	0069	1	2
0	0069	1	4
1	0069	1	3
0	0069	1	1
1	0069	2	1
1	0069	2	2
1	0069	1	4
0	0069	2	2
1	0069	1	4
1	0069	1	2
0	0069	1	2
0	0069	1	3
1	0069	2	1
1	0069	1	2
1	0069	1	4
0	0069	1	4
1	0069	1	2
0	0069	1	4
1	0069	1	3
0	0069	1	3
0	0069	2	3
1	0069	2	2
0	0069	2	4
0	0069	1	4
0	0069	1	3
1	0069	1	2
1	0069	1	4
1	0069	1	4
1	0069	1	4
0	0069	1	4
1	0069	1	2
0	0069	1	3
0	0069	1	2
1	0069	1	3
1	0069	1	1
0	0069	2	1
0	0069	2	2
1	0069	1	3
0	0069	1	3
1	0069	1	4
0	0069	1	4
0	0069	2	2
1	0069	2	4
0	0069	2	1
0	0069	2	2
0	0069	1	4
0	0069	1	3
1	0069	1	3
0	0069	1	3
0	0069	1	1
0	0069	2	4
0	0069	2	1
0	0069	1	4
1	0069	1	3
0	0069	1	3
1	0069	2	2
1	0069	2	4
0	0069	2	3
0	0069	1	4
1	0069	1	3
0	0069	1	1
0	0069	2	1
0	0069	2	2
0	0069	1	4
0	0069	1	3
0	0069	1	4
1	0069	2	4
0	0069	2	3
0	0069	1	3
1	0069	1	2
1	0069	1	2
0	0069	1	3
0	0069	1	2
1	0069	2	4
0	0069	1	2
0	0069	2	2
1	0069	2	2
1	0069	1	3
0	0069	1	4
1	0069	1	3
1	0069	1	1
0	0069	2	1
0	0069	1	3
0	0069	2	2
0	0069	1	4
0	0069	1	3
0	0069	2	2
1	0069	2	1
1	0069	2	3
1	0069	2	3
1	0069	2	1
1	0069	2	2
0	0069	2	1
0	0069	2	4
0	0069	1	3
0	0069	1	2
0	0069	1	3
1	0069	1	4
0	0069	1	4
1	0069	1	1
0	0069	1	2
1	0069	1	3
1	0069	2	3
1	0069	2	2
1	0069	2	1
0	0069	2	2
1	0069	2	1
1	0069	2	3
0	0069	2	1
0	0069	1	4
1	0069	1	1
1	0069	2	2
0	0069	2	4
1	0069	1	3
1	0069	1	3
1	0069	1	2
1	0069	2	2
1	0069	2	4
0	0069	1	2
1	0069	2	3
0	0069	2	4
1	0069	1	1
0	0069	2	1
1	0069	1	3
0	0069	1	1
1	0069	2	1
0	0069	1	2
0	0069	2	1
0	0069	1	3
0	0069	2	2
1	0069	1	1
1	0069	1	3
0	0069	1	2
0	0069	1	3
0	0069	2	2
1	0069	1	3
1	0069	1	3
1	0069	1	4
0	0069	2	3
0	0069	2	2
1	0069	1	4
1	0069	1	1
1	0069	1	4
1	0069	1	1
1	0069	2	4
0	0069	1	4
1	0069	1	3
0	0069	1	1
0	0069	1	4
0	0069	2	1
1	0069	2	2
0	0069	2	2
0	0069	1	3
0	0069	1	2
1	0069	2	3
1	0069	2	3
1	0069	1	3
1	0069	2	2
1	0069	2	1
1	0075	2	1
0	0075	2	1
0	0075	2	1
1	0075	2	1
0	0075	1	2
1	0075	1	1
1	0075	1	3
1	0075	1	3
1	0075	1	1
1	0075	1	3
1	0075	1	3
1	0075	1	3
0	0075	1	3
1	0075	1	3
1	0075	1	1
1	0075	1	3
1	0075	1	3
0	0075	1	3
1	0075	1	3
1	0075	1	3
0	0075	1	3
1	0075	2	1
1	0075	1	1
1	0075	1	3
1	0075	1	3
0	0075	1	1
1	0075	2	1
1	0075	2	3
0	0075	2	1
0	0075	2	3
1	0075	2	1
1	0075	2	1
1	0075	2	1
1	0075	2	1
0	0075	2	1
1	0075	2	1
1	0075	2	1
0	0075	2	1
1	0075	1	3
1	0075	2	3
1	0075	2	1
0	0075	2	1
1	0075	2	4
1	0075	1	1
0	0075	1	2
1	0075	2	1
0	0075	2	4
1	0075	2	3
1	0075	2	1
0	0075	1	1
1	0075	1	3
1	0075	1	3
0	0075	1	3
0	0075	1	3
1	0075	2	1
1	0075	2	1
1	0075	2	1
0	0075	1	3
0	0075	2	1
1	0075	2	1
1	0075	2	1
1	0075	2	3
0	0075	1	3
0	0075	2	1
1	0075	1	2
0	0075	1	3
0	0075	1	2
1	0075	1	3
0	0075	1	2
0	0075	2	1
1	0075	2	2
0	0075	2	4
0	0075	2	3
1	0075	2	3
0	0075	2	1
1	0075	2	1
1	0075	2	3
1	0075	2	1
1	0075	2	1
1	0075	2	3
0	0075	1	1
1	0075	2	1
0	0075	1	1
1	0075	1	1
1	0075	1	3
0	0075	1	3
1	0075	2	4
0	0075	2	2
1	0075	2	1
1	0075	2	3
1	0075	1	1
1	0075	1	4
1	0075	1	2
1	0075	2	2
1	0075	2	2
1	0075	2	2
1	0075	2	2
1	0075	2	2
1	0075	1	2
0	0075	1	4
0	0075	1	4
1	0075	1	4
1	0075	2	4
1	0075	2	2
0	0075	2	2
1	0075	2	2
1	0075	2	2
1	0075	2	4
1	0075	2	2
0	0075	1	2
0	0075	1	2
1	0075	1	4
1	0075	1	4
1	0075	2	4
0	0075	2	2
0	0075	2	4
0	0075	2	3
1	0075	2	2
1	0075	2	2
0	0075	2	2
1	0075	2	1
1	0075	1	1
1	0075	1	3
1	0075	1	3
0	0075	1	4
0	0075	1	3
1	0075	1	3
0	0075	1	3
1	0075	1	1
0	0075	1	3
0	0075	1	3
0	0075	1	4
1	0075	1	3
1	0075	1	3
1	0075	1	4
0	0075	1	2
0	0075	1	4
0	0075	1	2
1	0075	1	1
1	0075	2	4
0	0075	2	3
0	0075	2	1
0	0075	1	4
0	0075	1	2
0	0075	1	4
0	0075	1	4
0	0075	1	1
0	0075	1	2
0	0075	1	2
1	0075	1	3
0	0075	2	3
1	0075	2	1
0	0075	1	1
0	0075	1	3
0	0075	1	3
0	0075	1	1
1	0075	2	4
1	0075	2	2
0	0075	2	2
1	0075	2	1
1	0075	2	3
1	0075	1	1
1	0075	1	4
1	0075	1	1
1	0075	1	3
1	0075	1	3
0	0075	1	3
1	0075	1	3
1	0075	1	4
0	0075	1	2
0	0075	1	1
1	0075	1	4
1	0075	2	3
1	0075	2	4
1	0075	2	2
0	0075	2	2
0	0075	2	2
1	0075	2	1
0	0075	1	2
1	0075	1	1
0	0075	1	3
1	0075	1	3
0	0075	1	3
0	0075	1	2
0	0075	1	3
1	0075	1	2
1	0075	2	4
1	0075	2	2
1	0075	2	2
1	0075	2	4
1	0082	1	2
1	0082	2	4
0	0082	1	4
1	0082	1	2
0	0082	1	2
0	0082	1	3
1	0082	1	1
1	0082	1	1
0	0082	1	3
1	0082	1	4
0	0082	1	2
0	0082	1	2
1	0082	1	1
0	0082	1	1
1	0082	1	2
0	0082	1	2
0	0082	1	1
1	0082	1	3
1	0082	1	1
1	0082	1	3
1	0082	1	1
0	0082	1	3
1	0082	1	1
1	0082	1	1
1	0082	1	3
0	0082	1	1
0	0082	1	3
1	0082	1	1
1	0082	1	1
0	0082	1	1
1	0082	1	4
0	0082	1	4
1	0082	1	3
0	0082	1	3
1	0082	1	3
1	0082	1	1
1	0082	1	1
1	0082	1	3
1	0082	1	1
1	0082	1	1
1	0082	1	1
1	0082	1	1
1	0082	1	3
1	0082	1	2
1	0082	1	3
1	0082	1	1
1	0082	1	1
0	0082	1	3
0	0082	1	1
1	0082	2	4
1	0082	2	2
0	0082	2	1
0	0082	1	2
1	0082	1	4
0	0082	2	4
1	0082	2	3
0	0082	2	3
1	0082	1	1
1	0082	1	4
0	0082	1	2
0	0082	1	2
1	0082	1	2
0	0082	2	1
1	0082	1	2
0	0082	1	2
1	0082	2	2
0	0082	2	2
0	0082	1	2
1	0082	2	4
0	0082	2	2
1	0082	2	4
0	0082	2	2
0	0082	2	3
1	0082	2	3
0	0082	1	2
1	0082	1	1
0	0082	1	2
0	0082	1	4
1	0082	1	1
1	0082	1	1
0	0082	1	1
1	0082	1	3
0	0082	1	1
1	0082	1	1
1	0082	1	3
1	0082	1	2
1	0082	1	2
0	0082	1	2
1	0082	2	2
0	0082	1	4
1	0082	1	1
1	0082	1	1
0	0082	1	2
1	0082	1	1
0	0082	1	2
0	0082	1	3
1	0082	1	3
0	0082	1	4
1	0082	1	3
1	0082	1	3
0	0082	1	3
0	0082	1	1
0	0082	1	3
1	0082	1	2
1	0082	1	3
1	0082	1	1
1	0082	1	1
1	0082	1	1
1	0082	1	2
1	0082	1	1
0	0082	1	3
1	0082	1	2
0	0082	1	3
1	0082	1	1
0	0082	1	1
0	0082	1	3
1	0082	1	3
1	0082	1	1
1	0082	1	1
0	0082	1	3
0	0082	1	1
1	0082	1	2
0	0082	1	4
0	0082	1	2
0	0082	1	2
1	0082	1	4
0	0082	1	2
1	0082	1	1
1	0082	1	1
1	0082	1	2
0	0082	1	1
1	0082	1	2
1	0082	2	4
1	0082	1	2
1	0082	1	2
1	0082	1	2
1	0082	1	2
0	0082	1	4
0	0082	1	2
0	0082	1	3
0	0082	1	4
1	0082	1	1
1	0082	1	3
0	0082	1	1
1	0082	1	4
0	0082	1	4
0	0082	1	4
0	0082	1	1
1	0082	1	1
0	0082	1	4
1	0082	1	1
0	0082	1	4
1	0082	2	4
0	0082	2	4
1	0082	2	4
1	0082	2	4
1	0082	2	2
1	0082	2	4
1	0082	2	2
1	0082	2	2
1	0082	1	2
1	0082	1	2
0	0082	2	4
1	0082	1	3
1	0082	1	3
0	0082	1	2
0	0082	1	3
1	0082	1	1
0	0082	1	3
1	0082	1	2
1	0082	1	2
0	0082	1	4
0	0082	1	4
0	0082	2	4
0	0082	2	4
1	0082	1	1
0	0082	1	2
1	0082	1	2
0	0082	1	2
0	0082	1	4
1	0082	1	3
0	0082	2	4
0	0086	2	4
1	0086	1	1
1	0086	1	1
0	0086	1	1
1	0086	1	3
0	0086	1	1
1	0086	1	3
1	0086	2	1
0	0086	2	1
1	0086	2	3
0	0086	2	2
1	0086	2	3
1	0086	1	1
1	0086	1	3
1	0086	1	1
1	0086	1	1
0	0086	1	1
1	0086	1	3
0	0086	1	3
0	0086	2	4
1	0086	1	1
1	0086	1	1
1	0086	1	1
0	0086	1	1
1	0086	1	1
1	0086	1	1
0	0086	1	2
0	0086	1	3
0	0086	2	3
0	0086	1	1
0	0086	1	2
1	0086	1	1
1	0086	1	3
1	0086	2	1
1	0086	2	3
1	0086	2	3
1	0086	2	3
1	0086	2	3
1	0086	2	3
1	0086	2	1
1	0086	2	3
1	0086	2	1
0	0086	2	3
1	0086	2	3
0	0086	2	1
1	0086	1	1
0	0086	1	3
0	0086	2	3
0	0086	2	1
1	0086	1	2
1	0086	1	2
1	0086	1	2
0	0086	1	2
1	0086	2	3
0	0086	2	3
0	0086	2	4
1	0086	1	1
1	0086	1	3
1	0086	1	1
1	0086	1	1
1	0086	1	1
1	0086	1	1
0	0086	1	3
0	0086	2	4
1	0086	2	3
0	0086	2	1
1	0086	1	1
1	0086	1	1
0	0086	1	1
1	0086	1	3
1	0086	1	1
1	0086	1	1
1	0086	1	1
1	0086	1	3
0	0086	1	3
0	0086	2	2
0	0086	2	3
1	0086	1	3
0	0086	1	1
1	0086	1	1
1	0086	1	1
0	0086	1	1
0	0086	1	3
0	0086	2	4
0	0086	1	1
1	0086	1	2
0	0086	1	2
1	0086	1	3
1	0086	1	4
0	0086	1	1
1	0086	1	3
0	0086	1	3
1	0086	2	4
1	0086	2	2
0	0086	2	2
1	0086	2	3
1	0086	2	1
1	0086	2	1
1	0086	2	1
0	0086	2	3
1	0086	2	4
0	0086	2	3
1	0086	2	2
0	0086	2	2
1	0086	1	3
0	0086	2	4
1	0086	2	3
0	0086	2	3
1	0086	2	1
1	0086	1	2
1	0086	2	3
1	0086	1	2
1	0086	1	1
1	0086	2	1
1	0086	2	3
1	0086	2	3
0	0086	2	3
1	0086	1	1
1	0086	2	1
0	0086	1	2
1	0086	2	3
1	0086	1	3
1	0086	2	3
1	0086	2	3
0	0086	1	3
0	0086	1	1
1	0086	2	3
0	0086	2	3
0	0086	2	4
1	0086	2	3
1	0086	2	1
1	0086	2	1
1	0086	2	3
1	0086	2	3
0	0086	2	3
0	0086	2	4
1	0086	1	3
1	0086	1	1
1	0086	1	1
1	0086	1	1
1	0086	1	1
0	0086	1	1
1	0086	1	1
0	0086	1	1
1	0086	2	3
0	0086	2	1
1	0086	2	3
0	0086	1	1
0	0086	1	1
0	0086	1	1
1	0086	1	2
1	0086	1	1
0	0086	1	4
0	0086	1	3
0	0086	1	2
0	0086	1	1
0	0086	2	4
0	0086	1	3
1	0086	2	2
0	0086	2	3
0	0086	2	4
0	0086	1	1
1	0086	1	2
1	0086	1	4
0	0086	1	2
1	0086	1	2
0	0086	1	2
1	0086	1	1
1	0086	1	3
1	0086	1	1
1	0086	1	3
0	0086	1	1
0	0086	1	1
0	0086	2	4
1	0086	1	1
0	0086	1	1
1	0086	1	2
1	0086	1	2
0	0086	1	4
1	0086	1	1
1	0086	1	1
1	0086	1	1
0	0086	1	3
1	0086	1	1
1	0086	1	1
0	0086	1	1
0	0086	1	1
1	0086	2	4
0	0092	1	3
1	0092	1	1
0	0092	1	3
1	0092	2	1
1	0092	2	3
1	0092	1	3
1	0092	1	1
0	0092	1	1
1	0092	1	1
1	0092	2	1
1	0092	2	3
1	0092	2	3
1	0092	2	3
1	0092	2	3
1	0092	2	3
1	0092	2	1
1	0092	2	3
1	0092	2	3
0	0092	2	3
0	0092	2	3
0	0092	1	1
1	0092	1	3
0	0092	1	2
1	0092	1	3
1	0092	1	1
0	0092	1	2
0	0092	1	3
0	0092	1	1
1	0092	1	2
0	0092	2	2
0	0092	2	4
1	0092	2	2
0	0092	2	4
0	0092	2	4
1	0092	2	2
0	0092	2	2
1	0092	1	1
1	0092	1	4
1	0092	1	2
1	0092	1	4
1	0092	1	2
1	0092	1	4
0	0092	1	2
1	0092	1	2
0	0092	1	2
1	0092	2	3
1	0092	2	3
1	0092	2	3
0	0092	2	1
0	0092	2	4
1	0092	2	3
0	0092	1	2
0	0092	1	1
1	0092	2	3
0	0092	2	3
1	0092	2	3
1	0092	2	3
1	0092	2	3
0	0092	2	3
0	0092	2	3
0	0092	2	1
1	0092	1	2
0	0092	2	2
0	0092	2	4
0	0092	1	2
1	0092	1	4
0	0092	1	1
1	0092	1	4
1	0092	1	2
1	0092	2	2
0	0092	2	4
0	0092	2	4
1	0092	1	2
0	0092	1	1
1	0092	1	4
1	0092	1	2
1	0092	1	2
0	0092	1	2
1	0092	1	2
1	0092	1	2
1	0092	1	2
1	0092	1	1
0	0092	1	3
0	0092	1	4
0	0092	1	3
0	0092	1	4
0	0092	1	3
0	0092	1	2
1	0092	1	1
0	0092	1	1
0	0092	1	1
1	0092	1	3
0	0092	1	1
0	0092	1	1
0	0092	1	2
0	0092	1	3
1	0092	1	4
1	0092	1	2
1	0092	1	4
1	0092	2	2
1	0092	2	2
0	0092	1	2
0	0092	2	4
0	0092	2	4
1	0092	2	1
1	0092	1	3
1	0092	1	1
0	0092	1	2
1	0092	1	3
1	0092	1	1
1	0092	1	1
0	0092	1	2
1	0092	1	1
0	0092	2	3
0	0092	1	1
0	0092	1	4
0	0092	1	2
0	0092	1	3
0	0092	1	4
0	0092	2	1
1	0092	2	1
1	0092	2	3
0	0092	1	1
0	0092	2	4
1	0092	2	1
1	0092	2	3
1	0092	2	3
1	0092	2	3
0	0092	2	3
1	0092	2	1
0	0092	2	3
0	0092	2	3
0	0092	2	3
0	0092	2	2
1	0092	1	2
1	0092	1	2
0	0092	1	2
1	0092	1	2
0	0092	1	2
0	0092	1	2
0	0092	1	1
0	0092	2	3
0	0092	2	4
1	0092	1	1
0	0092	2	1
0	0092	2	2
0	0092	2	1
0	0092	2	3
0	0092	2	1
1	0092	2	4
1	0092	1	4
1	0092	1	4
1	0092	1	2
0	0092	1	2
0	0092	1	2
0	0092	2	4
0	0092	2	1
1	0092	2	2
1	0092	2	3
0	0092	2	2
0	0092	1	1
0	0092	1	1
0	0092	1	3
0	0092	1	2
1	0092	2	3
0	0092	2	3
0	0092	2	3
0	0092	2	3
0	0092	1	4
1	0092	2	1
1	0092	2	3
0	0092	2	3
1	0092	2	3
1	0092	2	3
1	0092	2	3
1	0092	2	4
1	0092	2	2
0	0092	2	2
1	0092	2	2
0	0092	2	2
0	0092	1	3
1	0092	2	4
1	0092	2	2
0	0092	2	2
0	0092	2	3
0	0092	1	1
0	0092	1	4
1	0092	1	1
0	0113	2	1
0	0113	2	1
0	0113	1	4
0	0113	2	1
1	0113	1	4
0	0113	2	1
1	0113	2	3
0	0113	2	1
0	0113	2	2
1	0113	1	3
0	0113	2	3
0	0113	2	2
1	0113	1	4
0	0113	2	1
0	0113	1	4
1	0113	2	3
1	0113	1	4
0	0113	2	1
0	0113	1	4
0	0113	2	3
1	0113	2	1
1	0113	2	2
0	0113	2	4
1	0113	1	4
0	0113	1	4
1	0113	1	3
0	0113	2	1
0	0113	2	4
1	0113	1	3
0	0113	1	3
1	0113	2	4
1	0113	2	3
0	0113	1	2
0	0113	2	2
1	0113	2	1
1	0113	1	3
1	0113	2	1
0	0113	1	3
1	0113	2	1
0	0113	2	1
0	0113	1	4
0	0113	1	3
1	0113	2	2
1	0113	1	1
1	0113	2	1
0	0113	1	4
1	0113	1	2
0	0113	2	1
0	0113	1	2
1	0113	2	1
1	0113	2	1
1	0113	1	2
0	0113	2	1
1	0113	1	2
1	0113	2	1
0	0113	1	4
1	0113	2	1
0	0113	1	4
0	0113	2	3
0	0113	1	4
1	0113	1	1
0	0113	2	2
0	0113	2	1
0	0113	1	1
1	0113	2	1
1	0113	1	4
0	0113	1	3
1	0113	2	1
0	0113	2	1
0	0113	1	4
0	0113	1	1
0	0113	2	2
0	0113	2	1
0	0113	1	4
0	0113	2	1
1	0113	2	2
1	0113	1	3
1	0113	2	1
1	0113	2	1
0	0113	1	4
1	0113	2	1
1	0113	2	1
1	0113	2	1
1	0113	1	3
0	0113	2	1
0	0113	1	4
0	0113	1	2
1	0113	1	3
0	0113	2	1
0	0113	2	2
0	0113	1	4
0	0113	1	3
0	0113	2	1
0	0113	1	4
0	0113	2	1
0	0113	2	3
1	0113	2	2
1	0113	2	1
1	0113	1	3
0	0113	2	1
0	0113	1	1
0	0113	2	1
0	0113	1	4
0	0113	1	3
1	0113	2	1
0	0113	1	2
0	0113	1	1
1	0113	2	1
0	0113	1	4
0	0113	2	1
0	0113	1	4
1	0113	2	3
0	0113	1	4
0	0113	2	1
1	0113	1	4
0	0113	2	1
0	0113	1	4
0	0113	1	2
0	0113	2	1
1	0113	2	4
0	0113	1	2
1	0113	1	1
1	0113	1	3
1	0113	2	3
0	0113	1	2
1	0113	1	3
1	0113	2	3
0	0113	1	3
1	0113	2	3
0	0113	2	3
1	0113	2	3
0	0113	1	4
1	0113	1	3
0	0113	2	3
0	0113	1	1
1	0113	2	1
0	0113	1	4
1	0113	1	3
1	0113	2	1
0	0113	1	1
0	0113	2	3
0	0113	2	1
0	0113	1	2
0	0113	2	1
0	0113	2	2
0	0113	2	1
0	0113	2	1
0	0113	2	1
1	0113	2	1
0	0113	1	3
0	0113	2	3
1	0113	2	1
1	0113	2	1
0	0113	2	1
0	0113	2	1
0	0113	2	3
0	0113	2	3
0	0113	2	2
0	0113	1	4
0	0113	2	2
0	0113	1	1
0	0113	2	1
0	0113	1	2
0	0113	2	3
0	0113	1	4
1	0113	2	1
1	0113	1	1
0	0113	1	3
0	0113	2	1
0	0113	1	4
1	0113	1	2
0	0113	1	2
1	0113	1	4
0	0113	2	1
0	0113	2	1
1	0113	2	1
1	0113	2	3
1	0118	2	1
0	0118	1	4
0	0118	2	1
1	0118	1	4
1	0118	1	4
1	0118	1	4
1	0118	1	4
1	0118	1	4
1	0118	1	2
0	0118	1	2
0	0118	1	3
0	0118	2	2
1	0118	2	4
0	0118	2	2
0	0118	2	1
1	0118	1	4
1	0118	1	4
0	0118	1	4
0	0118	2	3
1	0118	1	4
0	0118	1	4
1	0118	1	2
1	0118	1	4
1	0118	1	4
0	0118	1	4
0	0118	1	2
1	0118	1	4
0	0118	1	4
0	0118	1	2
1	0118	2	1
1	0118	2	1
0	0118	2	1
1	0118	2	1
0	0118	2	1
0	0118	2	2
0	0118	1	4
0	0118	1	3
0	0118	1	1
0	0118	2	4
0	0118	1	4
0	0118	1	3
0	0118	2	1
0	0118	2	2
1	0118	1	1
0	0118	1	3
0	0118	1	4
0	0118	1	2
1	0118	1	2
0	0118	1	3
0	0118	1	4
0	0118	1	4
0	0118	2	1
1	0118	2	2
1	0118	2	2
0	0118	2	2
1	0118	1	4
0	0118	1	2
0	0118	1	3
1	0118	2	2
0	0118	2	2
0	0118	2	2
1	0118	2	1
0	0118	1	4
1	0118	1	1
0	0118	1	3
1	0118	1	4
1	0118	1	2
0	0118	2	2
0	0118	2	4
0	0118	2	3
0	0118	1	2
1	0118	1	1
0	0118	1	3
0	0118	1	3
0	0118	1	4
0	0118	1	1
1	0118	1	3
1	0118	1	3
0	0118	2	3
1	0118	2	1
0	0118	1	3
0	0118	2	1
0	0118	2	3
1	0118	2	1
0	0118	1	4
0	0118	1	3
1	0118	1	3
1	0118	2	3
1	0118	2	1
0	0118	2	1
0	0118	2	2
1	0118	2	1
0	0118	1	1
0	0118	1	4
0	0118	2	1
1	0118	2	1
0	0118	2	1
0	0118	1	4
1	0118	1	3
0	0118	1	1
0	0118	1	4
1	0118	1	3
0	0118	2	1
0	0118	1	1
0	0118	1	3
1	0118	1	4
1	0118	1	4
0	0118	2	4
0	0118	1	4
0	0118	2	4
0	0118	1	3
0	0118	1	1
0	0118	1	4
0	0118	1	3
1	0118	2	1
0	0118	2	2
0	0118	1	4
0	0118	1	4
0	0118	1	3
1	0118	2	1
0	0118	2	1
0	0118	2	2
0	0118	1	1
1	0118	1	4
1	0118	1	4
0	0118	1	4
1	0118	1	3
0	0118	1	3
1	0118	1	3
0	0118	2	3
0	0118	2	2
1	0118	2	1
0	0118	2	1
1	0118	1	4
0	0118	1	4
1	0118	1	3
1	0118	1	3
0	0118	1	3
1	0118	2	1
1	0118	2	1
1	0118	2	1
1	0118	2	1
0	0118	2	1
1	0118	2	2
1	0118	2	2
0	0118	2	2
0	0118	1	4
1	0118	1	3
1	0118	1	1
1	0118	1	3
1	0118	1	3
0	0118	1	3
1	0118	1	3
0	0118	1	3
1	0118	1	3
1	0118	1	4
0	0118	1	1
1	0118	1	2
0	0118	1	2
1	0118	2	3
0	0118	1	1
0	0118	1	2
1	0118	1	1
1	0118	1	4
0	0118	1	1
1	0118	1	4
1	0118	1	4
0	0118	1	4
1	0118	2	1
1	0118	2	1
1	0118	1	1
1	0118	2	1
0	0118	2	4
1	0118	1	3
1	0118	1	3
0	0118	1	3
0	0118	2	1
1	0118	2	2
1	0118	1	3
1	0118	1	3
0	0118	1	3
1	0118	1	2
0	0118	1	3
1	0118	1	4
0	0118	1	4
0	0118	1	4
1	0118	2	2
1	0118	2	2
1	0121	1	1
0	0121	1	3
0	0121	1	3
0	0121	1	1
1	0121	1	4
0	0121	2	2
0	0121	2	4
0	0121	1	2
0	0121	1	2
1	0121	2	2
0	0121	2	2
1	0121	1	3
0	0121	1	1
1	0121	1	1
0	0121	1	1
1	0121	1	1
0	0121	1	1
0	0121	1	3
1	0121	1	1
1	0121	1	4
1	0121	2	3
0	0121	2	3
0	0121	2	3
0	0121	1	1
0	0121	2	2
0	0121	2	4
1	0121	2	1
1	0121	2	3
0	0121	2	4
0	0121	2	1
1	0121	2	3
0	0121	2	1
1	0121	1	3
0	0121	2	4
0	0121	2	3
0	0121	2	4
1	0121	2	3
1	0121	1	1
1	0121	1	3
1	0121	1	1
1	0121	1	1
0	0121	1	1
1	0121	1	1
1	0121	1	1
1	0121	1	3
1	0121	1	3
0	0121	1	2
1	0121	1	3
1	0121	1	3
1	0121	1	1
1	0121	1	1
1	0121	1	3
1	0121	1	3
1	0121	1	1
1	0121	1	1
0	0121	1	1
1	0121	1	1
1	0121	1	1
1	0121	1	1
0	0121	1	1
1	0121	1	1
1	0121	1	3
0	0121	1	1
1	0121	1	1
1	0121	1	1
1	0121	1	3
1	0121	1	3
1	0121	1	1
1	0121	1	1
1	0121	1	1
1	0121	1	1
1	0121	1	1
1	0121	1	1
1	0121	1	3
1	0121	1	1
1	0121	1	1
1	0121	1	3
1	0121	1	1
1	0121	1	1
0	0121	1	1
1	0121	1	3
1	0121	1	3
1	0121	1	1
1	0121	1	1
1	0121	1	1
1	0121	1	1
1	0121	1	1
1	0121	1	1
1	0121	1	3
0	0121	1	1
0	0121	1	1
0	0121	1	1
0	0121	1	3
0	0121	2	4
1	0121	1	2
1	0121	1	2
1	0121	1	2
0	0121	1	2
0	0121	1	2
1	0121	1	4
1	0121	1	2
0	0121	1	1
1	0121	1	3
0	0121	1	3
0	0121	1	4
1	0121	1	2
0	0121	1	2
1	0121	1	2
1	0121	1	2
1	0121	1	2
1	0121	1	2
0	0121	1	2
1	0121	1	2
0	0121	1	4
1	0121	1	1
1	0121	1	1
0	0121	1	1
0	0121	1	1
0	0121	1	3
0	0121	1	4
1	0121	2	3
1	0121	2	3
0	0121	2	3
1	0121	2	3
0	0121	2	4
1	0121	2	4
1	0121	2	2
1	0121	2	4
1	0121	2	4
0	0121	2	2
0	0121	2	4
0	0121	1	2
0	0121	1	2
0	0121	1	2
0	0121	2	4
1	0121	2	3
0	0121	1	1
1	0121	2	3
1	0121	2	3
1	0121	2	3
1	0121	2	3
1	0121	2	3
0	0121	2	3
1	0121	2	3
1	0121	2	3
0	0121	2	3
1	0121	2	3
1	0121	2	3
0	0121	2	3
1	0121	2	1
1	0121	2	1
1	0121	2	3
0	0121	2	1
0	0121	2	1
0	0121	2	2
1	0121	2	4
0	0121	2	4
0	0121	2	4
0	0121	2	2
0	0121	1	1
1	0121	1	1
0	0121	1	1
1	0121	1	1
0	0121	1	1
0	0121	1	1
0	0121	1	3
1	0121	1	1
1	0121	2	1
1	0121	2	3
1	0121	2	3
1	0121	2	3
0	0121	2	3
1	0121	2	3
0	0121	2	1
0	0121	2	3
1	0121	2	2
1	0121	2	4
0	0121	2	2
1	0121	2	4
0	0121	2	4
0	0121	2	2
1	0121	2	4
1	0121	2	4
1	0121	2	2
1	0121	2	4
1	0121	2	2
1	0121	2	2
0	0121	2	4
1	0121	2	4
0	0121	2	2
0	0126	1	3
1	0126	2	1
0	0126	2	1
0	0126	2	3
0	0126	1	3
0	0126	1	4
0	0126	2	2
0	0126	2	1
0	0126	2	2
1	0126	1	3
0	0126	1	3
0	0126	1	1
1	0126	1	4
1	0126	1	2
0	0126	1	3
0	0126	1	4
0	0126	2	1
1	0126	2	2
1	0126	1	4
1	0126	1	4
1	0126	1	4
0	0126	2	2
0	0126	2	1
0	0126	2	4
1	0126	1	3
0	0126	1	1
0	0126	1	2
0	0126	2	2
0	0126	2	1
0	0126	2	3
1	0126	2	4
0	0126	2	2
1	0126	1	2
1	0126	1	4
1	0126	1	4
0	0126	2	2
0	0126	1	4
0	0126	2	2
1	0126	1	3
0	0126	1	3
1	0126	2	1
0	0126	2	1
1	0126	2	2
0	0126	2	4
1	0126	1	3
1	0126	1	2
1	0126	1	3
0	0126	2	4
0	0126	1	1
0	0126	1	4
0	0126	1	2
1	0126	1	2
1	0126	2	1
1	0126	2	1
0	0126	1	3
0	0126	1	2
0	0126	1	1
1	0126	2	3
0	0126	1	3
0	0126	2	4
0	0126	1	4
1	0126	1	4
0	0126	2	2
0	0126	2	1
0	0126	2	2
0	0126	1	3
0	0126	1	4
0	0126	1	3
0	0126	2	4
0	0126	2	2
1	0126	1	4
0	0126	2	2
0	0126	1	3
1	0126	2	1
0	0126	2	1
0	0126	2	2
0	0126	2	3
0	0126	1	4
0	0126	1	3
0	0126	1	1
1	0126	1	3
0	0126	1	3
0	0126	1	1
0	0126	1	3
0	0126	2	2
1	0126	2	1
1	0126	2	3
1	0126	2	1
0	0126	2	1
1	0126	2	2
0	0126	2	1
0	0126	2	2
1	0126	1	4
0	0126	2	1
0	0126	1	3
0	0126	1	4
1	0126	1	3
0	0126	1	3
0	0126	2	1
1	0126	2	4
1	0126	2	3
0	0126	2	1
0	0126	1	3
0	0126	1	4
1	0126	2	2
0	0126	1	1
1	0126	1	2
0	0126	1	4
1	0126	2	1
1	0126	2	1
0	0126	2	1
1	0126	2	1
0	0126	2	1
1	0126	1	1
1	0126	2	1
0	0126	2	1
0	0126	1	2
0	0126	2	1
1	0126	2	3
0	0126	2	1
1	0126	2	2
0	0126	2	2
1	0126	2	2
0	0126	2	2
1	0126	2	1
1	0126	2	1
0	0126	1	4
0	0126	2	1
0	0126	2	1
0	0126	1	3
0	0126	1	4
0	0126	2	1
0	0126	2	3
0	0126	2	3
0	0126	2	1
0	0126	1	4
0	0126	2	3
1	0126	2	1
0	0126	2	1
0	0126	1	2
0	0126	1	3
0	0126	2	3
1	0126	2	3
0	0126	2	2
1	0126	2	3
0	0126	2	2
1	0126	2	1
0	0126	2	4
1	0126	1	2
0	0126	1	4
0	0126	1	3
1	0126	1	1
1	0126	1	3
1	0126	1	3
1	0126	1	1
1	0126	1	1
0	0126	1	1
1	0127	2	1
0	0127	2	1
1	0127	1	4
1	0127	1	4
0	0127	1	4
1	0127	1	4
1	0127	1	2
0	0127	2	4
0	0127	2	2
1	0127	2	1
1	0127	1	4
0	0127	1	4
0	0127	1	3
1	0127	1	2
1	0127	1	4
1	0127	1	3
0	0127	1	1
0	0127	1	1
1	0127	1	4
1	0127	1	4
1	0127	1	4
0	0127	1	4
1	0127	1	4
1	0127	1	4
0	0127	1	3
0	0127	1	2
1	0127	1	4
0	0127	1	4
0	0127	1	4
1	0127	1	4
1	0127	2	2
1	0127	2	2
0	0127	2	2
0	0127	2	2
1	0127	2	2
0	0127	2	2
0	0127	2	4
1	0127	2	1
0	0127	1	3
0	0127	1	1
0	0127	1	2
0	0127	1	1
0	0127	1	1
1	0127	1	4
0	0127	1	3
1	0127	2	4
1	0127	1	4
0	0127	1	4
0	0127	1	4
0	0127	1	2
0	0127	1	4
0	0127	2	3
1	0127	1	4
1	0127	1	4
1	0127	1	4
0	0127	1	4
1	0127	1	4
1	0127	2	1
1	0127	2	1
0	0127	2	1
0	0127	2	1
0	0127	2	1
0	0127	1	4
1	0127	2	2
1	0127	2	2
0	0127	2	2
0	0127	2	2
0	0127	1	4
1	0127	1	3
0	0127	1	3
1	0127	1	3
0	0127	1	3
1	0127	1	3
0	0127	1	3
1	0127	1	3
1	0127	1	3
1	0127	1	1
1	0127	2	3
1	0127	2	1
0	0127	2	1
1	0127	2	3
0	0127	2	1
0	0127	2	3
1	0127	2	3
1	0127	2	1
1	0127	2	1
1	0127	2	4
1	0127	2	3
0	0127	2	1
0	0127	2	1
0	0127	2	2
0	0127	1	4
0	0127	1	4
0	0127	1	3
0	0127	2	1
1	0127	2	2
1	0127	2	4
1	0127	2	2
0	0127	2	4
0	0127	1	4
0	0127	1	4
1	0127	1	2
1	0127	1	3
0	0127	1	2
1	0127	2	1
1	0127	2	3
1	0127	1	1
0	0127	1	3
0	0127	1	3
1	0127	1	1
0	0127	1	1
0	0127	1	3
0	0127	1	1
1	0127	2	2
0	0127	2	2
0	0127	2	2
0	0127	1	4
1	0127	1	1
1	0127	1	1
1	0127	1	1
0	0127	1	2
0	0127	1	4
0	0127	2	2
0	0127	2	3
1	0127	2	4
1	0127	1	1
1	0127	1	1
1	0127	1	2
1	0127	1	3
1	0127	1	2
0	0127	1	4
1	0127	1	4
1	0127	1	4
0	0127	1	2
0	0127	1	4
1	0127	2	1
0	0127	2	1
1	0127	2	1
1	0127	2	1
1	0127	2	1
1	0127	2	2
1	0127	2	3
1	0127	2	3
1	0127	2	1
0	0127	1	4
1	0127	1	3
0	0127	1	3
0	0127	2	1
1	0127	2	1
1	0127	2	3
1	0127	2	3
0	0127	2	1
1	0127	2	2
0	0127	1	4
0	0127	2	3
1	0127	1	4
0	0127	1	3
1	0127	1	2
1	0127	1	3
0	0127	1	1
1	0127	1	2
1	0127	1	4
0	0127	2	1
1	0127	1	4
1	0127	1	4
0	0127	1	2
0	0127	1	3
0	0127	1	2
1	0127	1	3
0	0127	1	3
1	0127	1	1
1	0127	1	3
0	0127	1	4
1	0127	1	1
1	0127	1	4
0	0127	1	1
0	0127	1	2
1	0127	1	4
1	0127	1	1
1	0127	1	3
1	0127	1	3
1	0127	1	3
1	0127	1	2
1	0127	1	1
0	0127	1	3
1	0127	1	3
0	0127	1	3
1	0127	2	2
1	0130	2	2
1	0130	2	2
1	0130	2	2
1	0130	2	4
1	0130	2	4
1	0130	2	2
1	0130	2	2
1	0130	1	1
0	0130	1	1
1	0130	2	4
1	0130	2	4
1	0130	2	2
1	0130	2	4
0	0130	1	2
1	0130	1	1
1	0130	2	3
0	0130	2	3
0	0130	2	4
1	0130	1	4
1	0130	1	1
1	0130	1	2
1	0130	1	1
0	0130	2	3
1	0130	2	2
0	0130	1	1
0	0130	2	3
0	0130	2	3
0	0130	2	3
0	0130	1	2
0	0130	1	1
0	0130	2	4
1	0130	1	3
0	0130	1	1
1	0130	2	4
1	0130	2	2
0	0130	2	4
0	0130	2	3
0	0130	1	2
0	0130	1	1
0	0130	2	3
1	0130	2	3
0	0130	2	1
0	0130	2	2
0	0130	1	2
0	0130	1	1
0	0130	2	3
0	0130	2	2
1	0130	1	1
1	0130	1	3
0	0130	1	2
1	0130	1	1
1	0130	1	4
1	0130	1	4
0	0130	1	4
0	0130	1	1
0	0130	2	4
1	0130	2	3
0	0130	2	4
1	0130	1	1
0	0130	1	3
1	0130	2	4
1	0130	1	4
1	0130	2	2
0	0130	2	3
1	0130	2	4
1	0130	1	1
0	0130	1	2
1	0130	1	1
1	0130	1	1
1	0130	2	2
1	0130	1	3
1	0130	2	3
0	0130	2	2
1	0130	1	3
0	0130	1	1
1	0130	1	4
0	0130	2	3
1	0130	1	4
1	0130	1	4
0	0130	1	2
1	0130	1	2
0	0130	2	2
1	0130	1	1
1	0130	2	1
0	0130	2	2
1	0130	2	3
1	0130	2	3
0	0130	1	1
0	0130	1	4
1	0130	2	3
0	0130	2	4
0	0130	2	3
0	0130	1	2
1	0130	1	1
1	0130	1	1
1	0130	1	3
0	0130	1	1
1	0130	2	4
0	0130	2	3
0	0130	2	4
0	0130	1	2
0	0130	1	3
0	0130	2	4
0	0130	2	3
0	0130	1	4
0	0130	1	1
1	0130	2	4
0	0130	2	3
1	0130	1	2
1	0130	2	4
0	0130	1	1
0	0130	1	2
0	0130	2	3
0	0130	1	1
0	0130	2	4
1	0130	1	1
1	0130	1	1
0	0130	2	4
1	0130	1	3
0	0130	2	4
0	0130	1	1
1	0130	2	4
0	0130	1	1
0	0130	2	1
0	0130	1	2
0	0130	1	1
0	0130	2	4
0	0130	2	4
1	0130	1	1
1	0130	1	2
1	0130	1	4
1	0130	1	2
0	0130	1	4
1	0130	2	3
1	0130	2	3
1	0130	2	1
0	0130	2	4
1	0130	1	1
1	0130	1	2
1	0130	2	3
1	0130	1	2
1	0130	2	3
0	0130	1	2
0	0130	1	2
1	0130	1	1
1	0130	2	4
0	0130	2	3
0	0130	2	2
0	0130	1	1
0	0130	2	4
0	0130	1	1
1	0130	2	3
1	0130	2	1
0	0130	2	3
1	0130	1	4
1	0130	1	2
0	0130	2	3
1	0130	2	2
0	0130	1	1
0	0130	2	4
1	0130	1	1
0	0130	1	3
1	0130	2	2
1	0130	2	3
0	0130	2	4
1	0130	1	3
1	0130	2	3
0	0130	1	2
1	0130	1	2
1	0130	1	2
0	0130	2	4
0	0130	1	1
0	0130	2	4
1	0130	1	1
1	0130	2	1
0	0130	2	4
0	0130	1	1
0	0130	2	4
0	0130	2	3
1	0130	1	1
1	0130	1	1
1	0130	1	3
0	0130	2	4
1	0130	1	1
0	0130	1	4
0	0130	1	3
1	0130	1	2
1	0139	2	3
0	0139	2	4
1	0139	2	3
1	0139	1	1
0	0139	1	1
1	0139	1	4
0	0139	2	4
0	0139	2	4
0	0139	2	2
1	0139	2	3
0	0139	2	4
1	0139	2	3
0	0139	2	4
1	0139	2	3
0	0139	2	3
1	0139	1	2
0	0139	1	2
0	0139	1	4
1	0139	1	3
1	0139	1	1
1	0139	1	1
1	0139	1	1
1	0139	1	1
0	0139	1	1
0	0139	2	4
0	0139	2	3
1	0139	2	4
1	0139	1	2
0	0139	2	2
0	0139	2	3
0	0139	2	4
0	0139	1	2
0	0139	1	3
0	0139	1	1
1	0139	1	2
0	0139	1	2
0	0139	1	2
0	0139	1	2
0	0139	2	4
1	0139	1	1
1	0139	2	3
1	0139	1	1
0	0139	1	4
1	0139	1	1
0	0139	1	1
1	0139	1	3
1	0139	2	2
0	0139	2	4
1	0139	2	3
1	0139	1	1
1	0139	1	1
1	0139	1	3
1	0139	1	1
1	0139	1	1
1	0139	1	1
1	0139	1	3
0	0139	1	1
1	0139	1	1
1	0139	1	3
0	0139	1	1
1	0139	2	4
1	0139	2	4
1	0139	2	2
1	0139	2	4
0	0139	2	2
0	0139	1	1
1	0139	2	3
0	0139	2	3
1	0139	2	2
0	0139	2	1
0	0139	2	4
0	0139	1	2
1	0139	1	1
1	0139	1	2
0	0139	1	4
0	0139	1	1
1	0139	1	2
0	0139	2	2
0	0139	2	3
0	0139	2	4
0	0139	1	1
0	0139	1	2
1	0139	2	4
0	0139	2	4
0	0139	2	2
0	0139	2	4
1	0139	2	1
0	0139	2	4
1	0139	2	2
0	0139	2	4
1	0139	2	3
1	0139	2	4
1	0139	2	1
0	0139	2	4
0	0139	1	4
0	0139	2	1
1	0139	2	4
0	0139	2	4
0	0139	2	2
1	0139	2	3
1	0139	2	3
0	0139	1	1
1	0139	1	2
0	0139	2	2
1	0139	2	3
1	0139	2	3
0	0139	2	1
1	0139	1	1
0	0139	1	1
0	0139	2	3
0	0139	2	2
1	0139	1	4
1	0139	1	2
1	0139	1	2
0	0139	1	2
0	0139	1	1
1	0139	2	4
1	0139	2	4
0	0139	2	2
0	0139	1	2
1	0139	1	1
0	0139	1	3
1	0139	1	1
0	0139	1	3
1	0139	1	4
1	0139	2	4
1	0139	2	4
1	0142	2	3
1	0142	2	3
0	0142	2	3
0	0142	1	1
0	0142	1	2
0	0142	2	4
0	0142	2	3
1	0142	1	4
1	0142	1	2
1	0142	1	2
1	0142	2	4
0	0142	2	2
1	0142	1	3
1	0142	1	3
1	0142	1	2
1	0142	1	3
0	0142	1	1
0	0142	2	3
0	0142	2	4
0	0142	2	3
1	0142	1	2
1	0142	1	2
1	0142	1	2
0	0142	1	2
0	0142	1	1
0	0142	2	3
0	0142	2	4
0	0142	1	2
0	0142	2	3
0	0142	2	4
1	0142	2	3
1	0142	2	2
1	0142	2	4
0	0142	2	4
1	0142	2	2
0	0142	2	2
0	0142	1	2
0	0142	2	1
0	0142	2	2
0	0142	1	3
1	0142	1	2
1	0142	2	2
0	0142	2	1
1	0142	1	2
0	0142	1	4
1	0142	1	3
1	0142	1	1
1	0142	1	2
1	0142	1	3
1	0142	1	2
0	0142	1	3
0	0142	2	3
1	0142	2	4
1	0142	2	2
0	0142	2	1
0	0142	2	4
1	0142	2	1
1	0142	2	1
1	0142	2	3
1	0142	1	1
1	0142	2	3
0	0142	2	3
0	0142	1	4
0	0142	1	2
0	0142	1	4
1	0142	1	1
1	0142	1	1
1	0142	1	4
1	0142	1	2
1	0142	1	4
0	0142	1	2
0	0142	1	2
1	0142	2	4
1	0142	2	4
1	0142	2	4
1	0142	2	2
1	0142	2	4
0	0142	2	4
0	0142	2	3
1	0142	1	2
0	0142	1	2
0	0142	1	4
1	0142	1	1
0	0142	2	4
0	0142	2	3
0	0142	1	2
1	0142	1	1
0	0142	1	3
0	0142	2	4
0	0142	1	2
0	0142	1	3
0	0142	2	4
0	0142	1	1
0	0142	2	4
0	0142	2	3
0	0142	1	2
0	0142	1	2
0	0142	2	1
1	0142	1	2
0	0142	1	2
0	0142	1	1
0	0142	1	2
1	0142	1	1
0	0142	1	1
0	0142	2	2
1	0142	2	1
0	0142	1	3
0	0142	2	4
1	0142	1	1
0	0142	1	1
0	0142	1	2
1	0142	1	1
0	0142	1	1
1	0142	1	3
1	0142	1	1
0	0142	1	1
0	0142	2	4
0	0142	2	1
0	0142	2	4
1	0142	1	1
1	0142	1	1
0	0142	1	1
1	0142	1	3
1	0142	1	1
1	0142	1	1
0	0142	1	1
0	0142	2	3
0	0142	2	4
1	0142	1	4
0	0142	1	4
0	0142	2	4
1	0142	2	1
0	0142	2	3
0	0142	1	1
0	0142	2	3
1	0142	1	3
1	0142	1	1
0	0142	2	4
0	0142	1	1
0	0142	2	4
1	0142	2	3
1	0142	1	3
0	0142	1	2
1	0142	2	3
1	0142	2	3
1	0142	2	3
1	0142	1	2
0	0142	2	4
1	0142	2	3
0	0142	2	4
0	0142	2	3
1	0142	2	1
0	0142	2	3
1	0142	2	1
1	0143	2	1
1	0143	2	1
1	0143	1	3
1	0143	2	3
1	0143	2	4
0	0143	2	1
0	0143	2	4
1	0143	2	3
1	0143	1	3
0	0143	1	3
1	0143	1	1
1	0143	1	3
1	0143	1	1
0	0143	1	3
1	0143	1	3
0	0143	1	3
1	0143	1	3
1	0143	1	3
0	0143	1	4
0	0143	1	3
1	0143	2	3
0	0143	2	3
1	0143	2	1
0	0143	1	3
1	0143	1	3
0	0143	1	3
0	0143	2	1
1	0143	2	1
0	0143	1	3
1	0143	1	3
0	0143	1	3
0	0143	1	3
1	0143	1	1
0	0143	1	3
0	0143	1	3
1	0143	1	3
1	0143	1	1
0	0143	1	3
1	0143	1	3
1	0143	1	3
0	0143	1	1
0	0143	2	3
1	0143	1	1
1	0143	1	1
1	0143	1	3
1	0143	2	3
0	0143	1	3
1	0143	1	3
0	0143	1	3
0	0143	1	3
1	0143	1	1
1	0143	1	3
1	0143	1	3
1	0143	1	3
1	0143	1	1
1	0143	1	3
1	0143	1	3
1	0143	1	1
0	0143	1	3
0	0143	1	4
1	0143	1	3
1	0143	1	4
0	0143	1	4
1	0143	1	3
1	0143	1	3
1	0143	1	4
1	0143	1	3
1	0143	1	3
1	0143	1	1
1	0143	1	1
1	0143	1	2
1	0143	1	1
0	0143	1	3
1	0143	1	4
1	0143	1	3
1	0143	1	1
1	0143	1	3
0	0143	1	3
1	0143	1	3
1	0143	1	3
0	0143	1	3
1	0143	1	3
0	0143	1	3
0	0143	1	3
0	0143	1	1
0	0143	1	3
0	0143	1	3
1	0143	1	1
0	0143	1	3
0	0143	1	3
0	0143	1	1
0	0143	1	3
1	0143	2	4
1	0143	2	2
1	0143	2	2
1	0143	2	2
1	0143	2	2
1	0143	2	2
1	0143	2	4
1	0143	2	4
0	0143	2	4
0	0143	2	2
0	0143	2	2
1	0143	1	1
0	0143	1	3
0	0143	1	3
0	0143	1	4
0	0143	2	2
1	0143	2	1
0	0143	1	1
0	0143	1	3
1	0143	2	2
1	0143	2	4
1	0143	2	2
0	0143	2	4
1	0143	2	1
1	0143	2	2
1	0143	2	2
1	0143	2	4
1	0143	2	4
1	0143	2	2
1	0143	2	4
1	0143	2	4
0	0143	2	4
0	0143	2	2
0	0143	2	2
1	0143	2	4
0	0143	2	2
1	0143	2	2
0	0143	2	2
0	0143	2	2
0	0143	2	4
1	0143	1	3
0	0143	1	3
0	0143	1	1
1	0143	1	1
0	0143	1	3
0	0143	2	1
0	0143	1	3
0	0143	1	3
0	0143	1	3
0	0143	1	2
0	0143	2	1
1	0143	1	4
1	0143	1	4
0	0143	1	4
0	0143	1	4
1	0143	1	3
0	0143	1	3
0	0143	1	1
0	0143	1	1
0	0143	2	2
1	0143	2	2
0	0143	2	2
1	0143	2	2
1	0143	2	2
1	0143	2	4
1	0143	2	2
0	0143	2	4
1	0143	2	3
1	0143	2	2
1	0146	1	3
0	0146	1	2
1	0146	2	1
1	0146	2	1
1	0146	1	4
0	0146	2	2
1	0146	2	3
1	0146	2	1
1	0146	2	4
0	0146	2	4
0	0146	1	2
1	0146	2	1
1	0146	2	3
0	0146	1	4
1	0146	2	1
1	0146	2	3
0	0146	2	1
1	0146	2	3
1	0146	2	1
0	0146	2	1
1	0146	2	2
1	0146	2	3
1	0146	2	3
1	0146	2	1
0	0146	2	1
0	0146	1	4
1	0146	1	3
0	0146	1	3
0	0146	2	1
1	0146	2	2
1	0146	2	2
1	0146	2	1
1	0146	2	3
1	0146	2	1
0	0146	2	1
0	0146	1	3
1	0146	2	2
0	0146	2	1
1	0146	1	4
0	0146	1	1
1	0146	1	4
1	0146	2	1
1	0146	2	1
1	0146	2	2
1	0146	2	4
0	0146	2	1
1	0146	2	2
1	0146	2	2
1	0146	1	3
1	0146	1	3
1	0146	1	3
0	0146	2	1
0	0146	1	3
1	0146	2	2
0	0146	2	4
1	0146	2	1
0	0146	2	1
0	0146	1	3
1	0146	2	1
1	0146	2	1
1	0146	2	1
1	0146	2	1
0	0146	2	1
1	0146	1	1
0	0146	2	4
1	0146	2	3
0	0146	2	1
1	0146	2	1
1	0146	2	1
1	0146	2	1
0	0146	2	1
0	0146	2	4
0	0146	2	3
0	0146	2	2
1	0146	1	3
1	0146	1	3
0	0146	1	1
0	0146	1	1
0	0146	2	1
0	0146	2	2
0	0146	1	4
0	0146	1	3
0	0146	2	1
0	0146	2	3
1	0146	2	1
0	0146	2	1
0	0146	2	3
1	0146	2	2
1	0146	2	2
1	0146	2	2
0	0146	2	4
1	0146	2	4
0	0146	2	1
0	0146	1	1
1	0146	1	4
1	0146	2	4
1	0146	2	4
0	0146	2	1
0	0146	2	4
1	0146	2	1
0	0146	2	1
0	0146	2	3
1	0146	2	1
0	0146	2	2
1	0146	2	3
1	0146	2	1
1	0146	2	1
1	0146	1	3
1	0146	2	3
0	0146	2	1
1	0146	2	1
0	0146	2	1
1	0146	1	3
0	0146	1	3
1	0146	2	3
1	0146	2	3
0	0146	2	4
1	0146	2	1
1	0146	2	3
0	0146	2	3
0	0146	1	1
0	0146	2	3
1	0146	1	3
1	0146	1	3
0	0146	1	3
0	0146	1	2
1	0146	1	1
1	0146	1	3
1	0146	1	3
1	0146	1	3
1	0146	1	3
1	0146	1	3
0	0146	1	3
1	0146	2	3
0	0146	2	3
0	0146	1	3
1	0146	1	3
1	0146	1	3
1	0146	1	3
1	0146	1	3
0	0146	1	3
0	0146	2	3
1	0146	1	1
1	0146	1	3
0	0146	1	3
1	0146	1	1
1	0146	1	3
1	0146	1	3
0	0146	1	3
0	0146	1	3
1	0146	2	1
1	0146	2	1
0	0146	2	1
0	0146	2	2
0	0146	2	1
1	0146	1	3
0	0146	1	3
0	0146	1	3
0	0146	1	2
0	0146	1	3
0	0146	2	1
1	0146	2	1
1	0146	1	1
1	0146	1	3
0	0146	1	3
0	0146	1	2
0	0146	1	1
0	0146	2	3
1	0146	2	3
0	0146	2	3
0	0146	1	2
1	0146	2	3
1	0146	2	3
0	0146	2	1
1	0146	1	3
0	0146	1	3
1	0146	1	2
1	0146	1	1
1	0146	1	3
0	0146	1	3
0	0146	2	1
1	0146	2	2
0	0146	1	3
1	0146	1	4
0	0146	1	4
0	0146	2	1
1	0146	1	4
0	0146	1	4
0	0146	1	4
0	0146	1	3
1	0177	2	1
0	0177	2	3
0	0177	2	1
0	0177	2	2
0	0177	1	2
1	0177	2	1
1	0177	2	1
1	0177	2	3
1	0177	1	3
0	0177	2	3
1	0177	2	1
1	0177	2	1
1	0177	2	1
1	0177	2	1
0	0177	2	3
0	0177	2	1
1	0177	2	1
1	0177	2	3
1	0177	2	3
1	0177	2	1
1	0177	2	1
1	0177	2	1
0	0177	2	1
0	0177	2	1
1	0177	2	3
0	0177	2	1
1	0177	2	3
0	0177	2	1
0	0177	1	2
1	0177	1	3
1	0177	1	1
0	0177	1	1
0	0177	1	3
0	0177	2	1
1	0177	2	1
1	0177	2	1
1	0177	2	2
1	0177	2	2
1	0177	2	1
1	0177	2	2
0	0177	1	4
0	0177	2	1
1	0177	2	1
1	0177	2	3
0	0177	2	2
1	0177	2	1
1	0177	2	3
1	0177	2	3
0	0177	2	1
0	0177	2	3
1	0177	2	2
0	0177	2	1
0	0177	2	2
1	0177	2	3
1	0177	2	1
1	0177	2	1
0	0177	2	1
1	0177	2	3
1	0177	2	1
1	0177	2	4
1	0177	2	1
0	0177	2	1
1	0177	2	1
1	0177	2	1
1	0177	2	2
1	0177	2	3
1	0177	2	1
1	0177	2	1
0	0177	2	1
0	0177	2	1
0	0177	2	1
1	0177	2	2
0	0177	2	3
1	0177	1	4
1	0177	1	4
0	0177	1	4
1	0177	1	4
0	0177	1	2
0	0177	2	1
1	0177	2	1
0	0177	2	3
1	0177	1	4
0	0177	2	3
1	0177	1	4
0	0177	1	4
0	0177	1	2
1	0177	1	4
0	0177	2	1
1	0177	2	2
1	0177	2	2
1	0177	2	2
1	0177	2	2
0	0177	2	2
1	0177	2	4
0	0177	2	2
1	0177	2	4
0	0177	2	2
1	0177	2	4
1	0177	2	4
0	0177	2	2
0	0177	2	2
1	0177	2	4
1	0177	2	2
0	0177	2	2
0	0177	2	2
0	0177	2	2
0	0177	1	2
0	0177	1	3
0	0177	2	2
1	0177	2	1
1	0177	2	2
0	0177	2	2
1	0177	2	4
0	0177	2	1
0	0177	2	1
0	0177	2	3
0	0177	2	2
1	0177	2	2
0	0177	2	2
0	0177	2	2
1	0177	2	1
1	0177	2	4
0	0177	2	2
1	0177	2	1
1	0177	2	1
0	0177	2	3
0	0177	1	3
1	0177	1	1
1	0177	2	1
0	0177	2	3
0	0177	2	2
1	0177	2	1
1	0177	2	4
0	0177	2	1
0	0177	2	2
0	0177	1	3
1	0177	1	4
0	0177	1	1
1	0177	1	3
1	0177	1	1
1	0177	1	3
1	0177	1	3
1	0177	1	3
1	0177	1	3
0	0177	1	3
1	0177	1	3
1	0177	1	3
1	0177	1	3
1	0177	1	3
0	0177	1	3
1	0177	1	3
1	0177	1	1
0	0177	1	3
0	0177	1	1
1	0177	1	3
0	0177	1	3
1	0177	1	3
1	0177	1	3
0	0177	1	3
0	0177	1	3
0	0177	1	1
1	0177	1	1
1	0177	1	3
1	0177	1	1
0	0177	1	3
1	0177	1	3
1	0177	1	3
0	0177	1	3
0	0177	1	3
0	0177	1	1
0	0177	1	1
1	0177	1	1
1	0177	1	4
1	0177	1	1
0	0177	1	1
1	0177	1	3
1	0177	1	3
1	0177	1	1
1	0177	1	3
1	0177	1	3
1	0177	1	3
0	0177	1	3
1	0177	1	1
0	0177	1	4
0	0195	2	3
1	0195	2	1
0	0195	2	2
0	0195	1	3
1	0195	2	4
1	0195	2	4
1	0195	1	3
1	0195	2	3
0	0195	2	3
1	0195	1	2
0	0195	2	3
0	0195	1	2
1	0195	2	1
1	0195	2	3
0	0195	1	2
0	0195	2	4
0	0195	1	2
0	0195	1	3
1	0195	2	2
1	0195	2	3
0	0195	2	3
1	0195	1	2
0	0195	1	2
0	0195	2	4
0	0195	1	4
1	0195	2	3
0	0195	2	1
0	0195	1	2
0	0195	1	2
1	0195	2	4
1	0195	1	1
1	0195	2	4
1	0195	2	3
0	0195	2	4
0	0195	1	2
1	0195	1	4
1	0195	1	1
0	0195	2	1
0	0195	2	4
0	0195	1	2
1	0195	1	1
0	0195	2	1
1	0195	1	2
0	0195	1	4
1	0195	1	1
0	0195	2	1
1	0195	2	1
1	0195	1	1
1	0195	1	2
1	0195	2	1
0	0195	2	2
1	0195	1	1
1	0195	1	1
1	0195	2	1
0	0195	2	1
1	0195	1	2
1	0195	1	2
0	0195	1	2
0	0195	2	4
0	0195	1	4
1	0195	1	1
1	0195	2	3
1	0195	2	1
0	0195	2	3
1	0195	1	4
1	0195	2	1
0	0195	1	2
1	0195	1	1
1	0195	2	3
1	0195	1	1
1	0195	1	4
0	0195	2	2
1	0195	2	1
1	0195	2	1
1	0195	1	4
0	0195	2	1
1	0195	2	3
1	0195	2	4
1	0195	1	3
0	0195	1	2
0	0195	2	3
0	0195	1	4
0	0195	2	3
1	0195	2	3
1	0195	1	1
0	0195	2	1
0	0195	2	4
0	0195	1	2
1	0195	2	1
1	0195	2	3
1	0195	1	2
0	0195	1	2
1	0195	1	2
1	0195	2	2
0	0195	1	1
0	0195	2	3
0	0195	2	4
1	0195	1	2
0	0195	1	2
1	0195	2	3
1	0195	2	3
0	0195	2	4
1	0195	1	2
0	0195	2	3
1	0195	2	1
0	0195	1	2
0	0195	1	2
1	0195	1	2
1	0195	1	2
0	0195	1	2
0	0195	2	4
0	0195	2	3
1	0195	2	3
0	0195	2	4
0	0195	1	1
1	0195	2	4
1	0195	1	1
1	0195	2	4
1	0214	2	1
0	0214	2	1
1	0214	2	2
0	0214	2	2
0	0214	2	1
1	0214	2	2
1	0214	1	2
0	0214	1	3
1	0214	1	2
0	0214	1	1
0	0214	1	4
0	0214	2	4
1	0214	2	2
1	0214	2	2
0	0214	2	1
1	0214	2	2
1	0214	1	4
1	0214	2	3
0	0214	2	4
1	0214	2	2
0	0214	1	3
1	0214	1	2
1	0214	2	2
0	0214	2	2
1	0214	2	2
1	0214	1	2
1	0214	2	4
1	0214	1	4
0	0214	2	2
0	0214	2	1
1	0214	2	2
0	0214	2	4
0	0214	2	2
0	0214	2	3
0	0214	2	2
0	0214	2	2
1	0214	2	4
0	0214	1	3
1	0214	1	4
1	0214	1	4
1	0214	2	3
0	0214	2	2
0	0214	2	1
0	0214	2	2
1	0214	2	4
0	0214	2	2
0	0214	2	2
1	0214	2	2
0	0214	1	4
0	0214	2	2
0	0214	2	2
0	0214	2	2
0	0214	2	3
0	0214	2	2
0	0214	2	2
1	0214	2	2
0	0214	2	4
0	0214	2	4
0	0214	2	1
1	0214	2	2
1	0214	1	4
1	0214	2	2
0	0214	2	4
0	0214	2	4
1	0214	2	1
1	0214	1	4
1	0214	1	4
1	0214	2	1
1	0214	2	2
1	0214	1	3
0	0214	2	2
0	0214	1	1
1	0214	2	2
1	0214	2	2
0	0214	1	1
0	0214	1	3
0	0214	2	4
1	0214	2	2
1	0214	2	2
0	0214	1	4
1	0214	2	2
0	0214	2	4
1	0214	2	2
0	0214	2	1
0	0214	1	2
0	0214	1	4
0	0214	1	4
1	0214	2	2
0	0214	1	4
1	0214	1	2
0	0214	2	2
1	0214	2	1
1	0214	1	4
0	0214	1	3
1	0214	2	1
0	0214	1	3
1	0214	1	3
0	0214	2	2
1	0214	1	2
0	0214	2	1
1	0214	2	2
0	0214	2	4
1	0214	2	1
1	0214	2	1
0	0214	1	4
1	0214	1	3
1	0214	2	2
0	0214	2	2
0	0214	2	1
0	0214	2	2
0	0214	2	3
0	0214	2	1
0	0214	2	2
0	0214	2	2
0	0214	2	2
1	0214	2	3
0	0214	2	4
0	0214	2	2
0	0214	2	1
0	0214	2	2
0	0214	2	2
1	0214	2	2
1	0214	2	2
0	0214	2	3
1	0214	2	2
1	0214	1	2
0	0214	2	2
1	0214	2	2
0	0214	1	2
0	0214	2	4
1	0214	2	3
0	0214	2	1
0	0214	2	1
1	0214	2	1
1	0214	1	4
0	0214	2	2
0	0214	1	4
0	0214	2	2
1	0214	2	1
1	0214	2	1
0	0214	1	3
1	0214	2	4
0	0214	1	4
0	0214	2	2
0	0214	2	1
1	0214	2	3
0	0214	2	2
1	0214	2	4
1	0214	1	4
1	0214	2	2
0	0214	2	2
0	0214	2	1
0	0214	2	2
1	0214	2	2
0	0214	1	4
1	0214	1	3
1	0214	2	2
1	0214	2	3
0	0214	2	4
0	0214	1	3
0	0214	2	4
1	0214	1	1
1	0214	2	3
1	0214	1	3
0	0214	2	1
0	0214	2	2
1	0214	1	4
0	0214	2	2
1	0214	2	3
0	0214	2	2
0	0214	2	1
0	0214	2	2
0	0214	1	2
1	0214	1	3
0	0214	2	2
1	0214	2	1
0	0214	2	4
1	0214	2	3
0	0214	2	1
1	0214	2	4
1	0214	2	1
0	0214	1	2
1	0214	2	1
1	0214	2	1
1	0214	1	3
0	0214	2	2
1	0214	1	3
1	0214	2	2
1	0220	1	4
1	0220	1	3
1	0220	1	1
1	0220	1	1
0	0220	1	2
1	0220	1	3
0	0220	1	3
1	0220	2	2
1	0220	2	2
1	0220	2	4
1	0220	2	2
0	0220	2	2
0	0220	2	1
1	0220	2	1
1	0220	2	2
0	0220	2	4
1	0220	2	3
1	0220	2	1
1	0220	2	1
1	0220	2	1
1	0220	2	1
1	0220	2	1
0	0220	2	3
0	0220	2	4
0	0220	1	4
0	0220	1	2
0	0220	1	3
1	0220	1	1
1	0220	1	3
1	0220	1	3
1	0220	1	3
1	0220	1	3
1	0220	1	3
1	0220	1	1
1	0220	1	1
1	0220	1	1
0	0220	1	3
0	0220	1	3
1	0220	2	2
1	0220	2	2
1	0220	2	4
1	0220	2	2
0	0220	2	4
1	0220	2	3
0	0220	2	1
0	0220	2	1
0	0220	1	3
0	0220	1	4
1	0220	1	4
1	0220	1	2
1	0220	1	2
0	0220	1	4
1	0220	1	2
1	0220	1	2
1	0220	1	2
1	0220	1	3
1	0220	1	1
1	0220	1	1
1	0220	1	3
1	0220	1	1
1	0220	1	1
0	0220	1	1
0	0220	1	3
1	0220	1	3
0	0220	1	3
0	0220	1	4
0	0220	1	1
1	0220	2	2
0	0220	2	4
0	0220	2	4
0	0220	2	2
1	0220	2	2
1	0220	2	4
1	0220	2	2
0	0220	2	2
1	0220	2	1
1	0220	2	1
1	0220	2	1
0	0220	2	1
1	0220	2	2
1	0220	1	4
0	0220	1	2
0	0220	1	3
0	0220	2	2
0	0220	2	1
1	0220	2	1
1	0220	2	2
0	0220	2	2
1	0220	2	2
0	0220	2	2
0	0220	2	3
1	0220	2	2
1	0220	2	4
0	0220	2	2
1	0220	2	4
1	0220	2	4
0	0220	2	2
1	0220	2	4
0	0220	2	2
1	0220	1	1
0	0220	1	3
0	0220	1	3
1	0220	1	3
0	0220	1	3
1	0220	1	1
0	0220	1	3
0	0220	1	3
0	0220	1	2
1	0220	2	2
0	0220	2	2
0	0220	2	4
0	0220	1	3
0	0220	1	3
0	0220	1	1
0	0220	1	2
1	0220	1	3
1	0220	1	3
1	0220	1	3
0	0220	1	2
0	0220	1	4
1	0220	1	2
0	0220	2	2
1	0220	2	4
0	0220	2	2
0	0220	2	4
0	0220	2	2
0	0220	1	1
1	0220	1	3
0	0220	1	4
1	0220	1	3
0	0220	1	3
0	0220	1	1
1	0220	2	2
0	0220	2	2
0	0220	2	1
0	0220	2	2
0	0220	2	2
1	0220	1	4
0	0220	1	2
1	0220	1	4
0	0220	1	4
0	0220	1	4
1	0220	1	4
1	0220	1	2
0	0220	1	4
1	0220	1	4
0	0220	2	3
0	0220	2	2
1	0220	2	2
1	0220	2	2
0	0220	1	3
0	0220	1	3
1	0220	1	3
1	0220	1	4
0	0220	1	1
0	0220	2	4
1	0220	2	2
0	0220	2	2
0	0220	2	2
1	0220	2	2
0	0220	2	2
0	0220	2	4
1	0220	2	2
1	0220	2	2
1	0220	2	2
0	0220	2	4
0	0220	2	4
1	0220	2	2
1	0220	2	2
0	0220	2	2
0	0220	2	1
1	0222	2	3
1	0222	1	3
1	0222	1	1
0	0222	1	3
1	0222	1	3
0	0222	1	3
1	0222	2	1
0	0222	2	1
1	0222	2	3
1	0222	2	1
1	0222	2	4
0	0222	1	2
1	0222	1	4
1	0222	1	4
1	0222	1	3
0	0222	1	2
0	0222	2	1
1	0222	2	1
1	0222	2	2
0	0222	2	3
1	0222	2	3
1	0222	2	3
1	0222	2	2
0	0222	2	3
0	0222	1	4
1	0222	1	2
0	0222	2	4
0	0222	2	3
0	0222	2	3
0	0222	2	4
0	0222	1	1
0	0222	1	2
0	0222	1	4
0	0222	1	2
0	0222	2	3
1	0222	2	4
1	0222	2	4
1	0222	2	4
0	0222	2	4
0	0222	2	4
0	0222	2	3
0	0222	2	2
1	0222	2	3
0	0222	2	3
1	0222	1	2
1	0222	1	1
1	0222	1	4
1	0222	1	2
1	0222	1	4
1	0222	1	4
0	0222	1	2
0	0222	1	1
1	0222	2	4
1	0222	2	4
0	0222	2	4
1	0222	2	2
0	0222	2	4
0	0222	2	4
0	0222	2	1
0	0222	1	4
1	0222	2	3
0	0222	2	1
0	0222	1	1
1	0222	1	2
1	0222	2	1
0	0222	2	3
1	0222	2	4
0	0222	1	4
0	0222	1	2
0	0222	1	2
0	0222	2	3
1	0222	2	4
0	0222	2	2
0	0222	1	2
0	0222	1	1
0	0222	1	3
1	0222	1	4
1	0222	1	4
0	0222	1	2
0	0222	1	2
1	0222	2	3
0	0222	2	2
1	0222	2	3
0	0222	2	2
0	0222	1	1
0	0222	1	3
0	0222	1	4
1	0222	1	2
1	0222	1	3
0	0222	1	2
0	0222	1	1
0	0222	1	1
1	0222	1	4
1	0222	2	2
1	0222	2	4
1	0222	2	4
0	0222	2	3
1	0222	1	2
0	0222	1	1
1	0222	1	4
0	0222	1	2
1	0222	1	2
0	0222	2	2
1	0222	2	3
1	0222	2	3
0	0222	2	3
0	0222	2	3
1	0222	1	1
0	0222	1	1
0	0222	1	1
1	0222	1	1
1	0222	1	1
1	0222	1	1
0	0222	1	2
0	0222	2	2
0	0222	2	1
1	0222	2	4
1	0222	2	4
1	0222	2	2
0	0222	2	2
0	0222	2	4
0	0222	2	4
1	0222	1	2
1	0222	1	2
1	0222	1	2
0	0222	1	2
1	0222	1	2
1	0222	2	2
0	0222	2	4
0	0222	2	4
1	0222	2	1
0	0222	2	2
0	0222	2	3
1	0222	2	1
0	0222	2	3
1	0222	2	3
0	0222	2	3
1	0222	2	3
0	0222	2	3
1	0222	2	3
1	0222	2	3
1	0222	2	3
1	0222	2	3
0	0222	2	4
1	0222	2	1
0	0222	2	1
0	0222	2	3
0	0222	2	1
0	0222	2	2
1	0222	1	4
0	0222	1	4
0	0222	2	4
0	0222	2	2
0	0222	2	4
1	0222	2	2
0	0222	2	4
1	0222	2	3
0	0222	1	3
1	0222	1	2
1	0222	2	1
0	0222	2	1
0	0222	2	3
0	0222	2	2
0	0222	2	4
0	0222	2	3
1	0222	1	1
1	0222	1	2
0	0222	1	3
0	0222	1	1
1	0222	1	2
0	0222	2	2
1	0222	2	4
1	0222	2	4
0	0222	2	4
1	0222	2	3
0	0222	1	4
0	0222	1	4
0	0222	2	3
0	0222	2	4
1	0222	2	4
0	0222	2	4
0	0225	2	1
0	0225	2	2
0	0225	2	3
1	0225	2	2
1	0225	2	1
1	0225	2	3
1	0225	2	4
1	0225	2	2
0	0225	2	2
0	0225	2	2
1	0225	2	2
0	0225	2	2
0	0225	2	2
1	0225	2	1
1	0225	2	1
1	0225	2	1
1	0225	2	1
1	0225	2	3
0	0225	2	1
1	0225	2	3
1	0225	2	3
1	0225	2	1
1	0225	2	1
1	0225	2	1
0	0225	2	3
1	0225	2	1
0	0225	2	1
1	0225	2	1
0	0225	1	1
0	0225	1	3
0	0225	1	1
0	0225	1	4
0	0225	1	3
1	0225	1	3
0	0225	1	3
1	0225	1	3
1	0225	2	1
0	0225	2	1
0	0225	2	3
0	0225	2	1
1	0225	2	1
0	0225	2	1
0	0225	2	2
0	0225	2	2
1	0225	2	1
1	0225	2	1
1	0225	2	3
0	0225	2	1
1	0225	2	1
1	0225	2	1
0	0225	2	3
1	0225	2	1
0	0225	2	3
1	0225	2	3
0	0225	2	3
0	0225	2	3
1	0225	2	3
0	0225	1	1
1	0225	1	1
1	0225	1	1
1	0225	1	3
0	0225	1	1
1	0225	1	3
1	0225	1	1
0	0225	1	3
1	0225	2	3
1	0225	2	1
1	0225	2	1
0	0225	2	1
1	0225	2	1
0	0225	2	3
0	0225	2	1
1	0225	2	1
1	0225	2	1
0	0225	2	1
1	0225	2	1
1	0225	2	1
1	0225	2	1
1	0225	2	1
1	0225	2	1
0	0225	2	3
1	0225	2	1
0	0225	2	1
1	0225	2	3
1	0225	2	3
0	0225	2	1
0	0225	2	1
1	0225	2	1
1	0225	2	1
1	0225	2	1
0	0225	2	1
0	0225	2	3
1	0225	2	1
0	0225	2	1
1	0225	2	1
1	0225	2	2
1	0225	2	3
1	0225	2	2
1	0225	2	3
0	0225	2	2
0	0225	2	2
1	0225	2	3
1	0225	2	1
1	0225	2	1
0	0225	2	1
0	0225	2	1
1	0225	2	1
1	0225	2	1
0	0225	2	2
0	0225	2	3
1	0225	2	1
1	0225	2	2
1	0225	2	3
0	0225	2	2
1	0225	2	3
1	0225	2	3
0	0225	2	1
0	0225	2	3
0	0225	2	3
0	0225	2	1
1	0225	2	1
0	0225	2	3
0	0225	2	3
1	0225	2	1
0	0225	2	1
1	0225	2	1
1	0225	2	1
0	0225	2	2
0	0225	2	3
1	0225	2	1
0	0225	2	3
0	0225	2	3
0	0225	2	1
0	0225	2	1
0	0225	2	4
0	0225	1	2
1	0225	1	1
0	0225	1	3
1	0225	1	2
0	0225	1	2
1	0225	1	2
0	0225	1	2
1	0225	1	3
0	0225	1	3
1	0225	1	4
0	0225	1	4
0	0225	1	4
1	0225	1	4
1	0225	2	1
1	0225	2	2
0	0225	2	1
0	0225	2	4
0	0225	2	1
0	0225	2	2
0	0225	2	2
0	0225	2	1
0	0225	1	3
0	0225	1	2
1	0225	1	3
1	0225	2	2
0	0225	2	3
0	0225	2	3
0	0225	1	4
1	0225	1	4
1	0225	1	2
0	0225	1	1
0	0225	1	4
0	0225	1	4
0	0225	1	3
1	0225	2	1
0	0225	2	3
1	0225	2	2
1	0225	2	2
1	0225	2	2
1	0225	2	2
0	0225	2	2
1	0225	2	4
1	0225	2	2
1	0225	2	2
0	0225	2	2
0	0225	2	2
1	0225	2	2
0	0225	2	2
0	0225	2	4
0	0225	2	2
0	0225	2	3
1	0225	1	3
0	0225	1	1
1	0227	2	1
0	0227	1	4
1	0227	2	3
1	0227	2	3
1	0227	2	1
1	0227	2	1
1	0227	2	1
0	0227	2	1
0	0227	2	1
1	0227	2	3
0	0227	2	3
1	0227	2	2
1	0227	2	1
0	0227	2	2
0	0227	2	3
1	0227	2	4
0	0227	2	2
0	0227	2	1
1	0227	2	1
0	0227	1	4
1	0227	2	1
1	0227	1	3
1	0227	1	2
0	0227	2	1
1	0227	1	1
0	0227	2	1
1	0227	1	3
1	0227	1	3
0	0227	1	3
1	0227	2	3
1	0227	1	3
0	0227	1	1
0	0227	2	1
0	0227	1	4
1	0227	1	3
0	0227	2	1
1	0227	2	3
1	0227	1	3
1	0227	2	3
1	0227	1	4
1	0227	2	3
0	0227	2	1
0	0227	1	3
0	0227	1	1
1	0227	2	1
1	0227	1	3
0	0227	2	3
0	0227	1	3
1	0227	1	4
1	0227	2	3
1	0227	1	3
1	0227	2	3
1	0227	1	3
0	0227	2	1
1	0227	1	4
0	0227	1	4
0	0227	1	3
0	0227	2	1
1	0227	2	1
0	0227	2	3
0	0227	1	1
1	0227	2	2
1	0227	1	3
0	0227	2	1
1	0227	2	2
0	0227	1	4
0	0227	1	3
1	0227	2	1
0	0227	1	1
0	0227	1	3
1	0227	2	3
1	0227	2	1
0	0227	2	1
1	0227	1	1
1	0227	2	1
1	0227	2	4
0	0227	1	1
0	0227	2	1
1	0227	1	3
1	0227	1	3
1	0227	1	3
1	0227	1	3
0	0227	2	3
1	0227	1	1
1	0227	2	2
1	0227	1	3
1	0227	2	1
1	0227	2	3
0	0227	2	2
1	0227	1	3
1	0227	2	3
0	0227	1	1
0	0227	1	3
1	0227	2	1
0	0227	1	2
0	0227	1	3
1	0227	2	1
1	0227	1	4
0	0227	2	3
0	0227	1	4
0	0227	1	3
0	0227	2	3
0	0227	1	4
0	0227	1	3
0	0227	2	4
1	0227	2	1
0	0227	2	3
0	0227	1	3
1	0227	1	4
0	0227	1	4
0	0227	1	4
1	0227	1	4
0	0227	2	3
0	0227	1	4
1	0227	1	4
1	0227	1	3
1	0227	2	1
0	0227	1	1
1	0227	2	1
0	0242	2	4
0	0242	2	2
1	0242	2	1
0	0242	2	3
0	0242	2	1
1	0242	1	4
0	0242	1	4
0	0242	1	3
1	0242	1	2
1	0242	1	1
1	0242	1	3
1	0242	1	4
1	0242	1	2
1	0242	1	1
0	0242	2	2
0	0242	1	3
0	0242	2	1
1	0242	2	2
1	0242	2	2
0	0242	2	2
1	0242	2	2
1	0242	2	2
1	0242	2	2
1	0242	2	2
0	0242	2	2
1	0242	2	2
1	0242	2	4
0	0242	2	4
1	0242	2	2
1	0242	2	4
1	0242	2	4
1	0242	2	2
0	0242	2	2
0	0242	2	2
0	0242	1	3
1	0242	1	4
1	0242	1	4
1	0242	1	4
1	0242	1	4
1	0242	1	2
0	0242	1	4
1	0242	1	4
1	0242	1	2
0	0242	1	4
0	0242	1	4
1	0242	1	2
1	0242	1	4
1	0242	1	4
0	0242	1	4
1	0242	2	4
0	0242	2	2
1	0242	2	1
0	0242	2	1
0	0242	2	3
0	0242	1	4
1	0242	1	3
1	0242	1	3
0	0242	1	3
1	0242	1	4
1	0242	1	4
1	0242	1	4
0	0242	1	4
1	0242	1	4
0	0242	1	4
0	0242	2	3
0	0242	2	2
0	0242	2	4
1	0242	1	3
0	0242	1	3
0	0242	1	1
0	0242	1	4
1	0242	1	3
1	0242	2	2
1	0242	1	3
0	0242	2	2
0	0242	2	2
0	0242	2	1
0	0242	1	4
1	0242	1	3
0	0242	1	3
0	0242	1	4
1	0242	1	1
0	0242	1	3
0	0242	2	4
1	0242	2	1
0	0242	1	4
1	0242	1	1
0	0242	2	4
0	0242	2	3
0	0242	2	4
0	0242	1	1
0	0242	1	4
1	0242	1	2
0	0242	2	1
0	0242	2	1
0	0242	1	2
0	0242	2	2
0	0242	2	1
0	0242	2	4
0	0242	2	2
0	0242	1	3
1	0242	1	1
0	0242	1	3
0	0242	1	3
1	0242	1	1
1	0242	1	3
1	0242	1	3
0	0242	1	3
0	0242	1	1
1	0242	1	3
0	0242	1	3
1	0242	1	4
1	0242	1	4
1	0242	1	4
1	0242	1	4
0	0242	1	4
0	0242	2	4
1	0242	2	3
0	0242	2	1
1	0242	1	3
0	0242	2	2
0	0242	1	3
0	0242	1	3
0	0242	2	2
0	0242	2	2
0	0242	1	3
0	0242	2	2
1	0242	2	1
1	0242	1	3
1	0242	1	3
1	0242	1	1
1	0242	1	1
1	0242	1	2
0	0242	1	2
0	0242	1	3
1	0242	2	2
1	0242	2	3
1	0242	1	3
1	0242	1	1
1	0242	2	4
0	0242	1	2
0	0242	1	3
1	0242	2	4
1	0242	1	3
0	0242	2	2
0	0242	2	2
0	0242	2	4
1	0242	1	3
0	0242	2	2
0	0242	1	3
0	0242	2	2
1	0242	2	1
0	0242	2	3
1	0242	2	1
0	0242	2	3
0	0242	2	2
1	0242	2	1
1	0242	2	3
0	0242	2	1
1	0242	2	1
1	0242	2	2
0	0242	1	3
0	0242	2	2
0	0242	1	1
0	0242	1	4
0	0242	2	2
0	0242	2	1
1	0242	1	3
1	0242	1	3
1	0242	1	4
1	0242	1	2
0	0242	1	4
1	0242	1	3
1	0242	2	2
1	0242	1	3
1	0242	1	4
1	0242	1	1
0	0242	2	2
1	0242	1	3
1	0242	1	3
1	0242	1	3
1	0242	2	2
0	0242	1	4
1	0242	1	3
0	0242	1	3
0	0242	1	2
0	0250	2	1
0	0250	1	3
0	0250	2	3
1	0250	2	4
1	0250	2	2
0	0250	2	4
0	0250	2	4
0	0250	1	1
1	0250	1	2
1	0250	2	2
1	0250	2	4
0	0250	2	4
1	0250	2	4
1	0250	2	4
0	0250	2	4
0	0250	2	4
1	0250	2	4
1	0250	2	2
1	0250	2	4
0	0250	2	4
1	0250	2	4
1	0250	2	2
0	0250	2	4
0	0250	1	1
0	0250	1	1
0	0250	2	4
1	0250	2	4
1	0250	1	1
1	0250	2	2
0	0250	2	4
0	0250	2	4
0	0250	2	3
1	0250	1	3
0	0250	1	3
0	0250	1	3
0	0250	1	2
0	0250	1	1
0	0250	2	2
0	0250	1	2
0	0250	1	2
1	0250	2	2
1	0250	2	3
0	0250	1	3
1	0250	1	3
0	0250	1	1
1	0250	2	4
0	0250	2	4
0	0250	2	1
1	0250	2	2
1	0250	1	2
0	0250	1	2
0	0250	1	1
1	0250	1	1
1	0250	1	1
0	0250	1	1
0	0250	1	1
0	0250	1	3
1	0250	1	2
0	0250	1	2
0	0250	1	4
1	0250	1	1
1	0250	1	1
1	0250	1	1
0	0250	1	1
0	0250	2	4
0	0250	2	2
0	0250	2	3
1	0250	2	4
0	0250	2	4
1	0250	2	4
1	0250	2	4
1	0250	2	2
0	0250	2	2
0	0250	2	1
0	0250	2	2
1	0250	2	4
0	0250	2	4
1	0250	1	1
1	0250	1	2
1	0250	1	4
0	0250	1	3
0	0250	2	4
0	0250	2	4
1	0250	2	1
0	0250	2	3
0	0250	2	4
0	0250	2	1
1	0250	2	4
1	0250	2	4
1	0250	2	4
0	0250	2	4
1	0250	2	2
0	0250	2	2
0	0250	2	4
0	0250	2	4
0	0250	2	2
1	0250	2	4
0	0250	2	4
1	0250	1	1
1	0250	1	1
1	0250	1	1
1	0250	1	2
0	0250	1	2
1	0250	1	1
1	0250	1	2
0	0250	1	3
0	0250	1	4
1	0250	2	3
1	0250	2	3
0	0250	1	1
1	0250	1	1
0	0250	2	4
1	0250	2	3
0	0250	2	1
0	0250	2	4
0	0250	2	4
1	0250	1	1
1	0250	1	1
0	0250	1	1
0	0250	1	3
0	0250	2	4
0	0250	2	1
0	0250	2	4
1	0250	1	3
1	0250	1	1
0	0250	1	3
1	0250	2	3
1	0250	1	3
0	0250	2	3
1	0250	1	3
0	0250	1	1
1	0250	1	1
1	0250	1	1
0	0250	1	2
1	0250	1	3
0	0250	1	1
1	0250	1	1
1	0250	1	1
1	0250	1	3
1	0250	1	1
1	0250	1	1
1	0250	1	1
1	0250	1	3
1	0250	1	3
1	0250	1	3
0	0250	1	3
0	0250	1	1
0	0250	2	3
1	0250	2	4
0	0250	2	4
0	0250	1	1
1	0250	1	3
0	0250	1	1
0	0250	1	3
0	0250	2	4
1	0250	1	1
0	0250	1	1
1	0250	1	1
0	0250	1	3
1	0250	1	2
1	0250	2	2
1	0250	2	4
0	0250	2	4
0	0250	2	4
1	0250	2	4
1	0250	2	4
1	0250	2	2
1	0250	2	4
0	0250	2	4
0	0250	2	2
0	0250	1	1
0	0250	2	4
1	0250	1	1
0	0250	1	2
1	0250	1	3
0	0250	1	1
0	0250	1	2
0	0250	1	1
1	0250	1	1
1	0250	1	1
0	0250	1	1
1	0251	1	4
1	0251	1	4
0	0251	1	2
0	0251	1	2
1	0251	1	4
0	0251	1	2
1	0251	1	4
0	0251	1	4
0	0251	1	4
0	0251	1	4
0	0251	1	2
1	0251	1	3
0	0251	1	3
1	0251	1	3
0	0251	2	3
1	0251	2	1
0	0251	2	1
0	0251	2	1
0	0251	1	4
0	0251	1	3
1	0251	1	3
1	0251	1	3
0	0251	1	4
1	0251	1	1
1	0251	1	3
1	0251	1	1
0	0251	1	3
1	0251	1	3
1	0251	1	3
1	0251	1	1
1	0251	1	3
0	0251	1	3
0	0251	1	1
1	0251	1	3
1	0251	1	3
1	0251	1	1
1	0251	1	3
1	0251	1	3
0	0251	1	3
0	0251	1	3
1	0251	1	4
1	0251	2	1
1	0251	1	4
1	0251	1	2
1	0251	1	4
0	0251	1	4
0	0251	1	2
0	0251	1	4
0	0251	1	4
0	0251	1	4
1	0251	2	2
1	0251	2	2
1	0251	2	2
1	0251	2	1
0	0251	2	4
1	0251	2	2
1	0251	2	2
0	0251	2	2
0	0251	2	2
1	0251	2	4
0	0251	2	2
0	0251	2	1
1	0251	1	4
0	0251	1	1
0	0251	1	3
0	0251	2	1
0	0251	2	2
0	0251	1	4
0	0251	1	3
1	0251	2	2
0	0251	2	2
1	0251	2	2
1	0251	2	2
0	0251	2	4
1	0251	2	2
1	0251	2	2
1	0251	2	2
1	0251	2	2
0	0251	2	1
1	0251	2	2
1	0251	2	2
1	0251	2	2
1	0251	2	2
0	0251	2	2
0	0251	2	3
1	0251	2	2
1	0251	2	2
0	0251	2	2
1	0251	2	2
1	0251	2	2
0	0251	2	1
0	0251	2	3
0	0251	2	2
1	0251	2	2
0	0251	1	2
0	0251	1	4
0	0251	1	2
0	0251	1	4
1	0251	1	3
0	0251	1	3
1	0251	1	4
0	0251	1	1
1	0251	1	1
1	0251	1	3
0	0251	1	1
1	0251	1	1
1	0251	1	3
1	0251	1	4
1	0251	1	2
1	0251	2	4
1	0251	2	1
1	0251	2	4
0	0251	2	2
0	0251	2	2
0	0251	2	2
1	0251	2	2
0	0251	2	2
0	0251	1	3
0	0251	1	1
1	0251	1	1
1	0251	1	3
0	0251	1	3
1	0251	1	3
1	0251	1	1
0	0251	1	3
0	0251	1	1
0	0251	1	3
0	0251	1	1
1	0251	1	4
0	0251	1	4
0	0251	1	4
1	0251	2	2
0	0251	2	2
0	0251	2	4
1	0251	2	2
0	0251	2	2
0	0251	2	4
0	0251	1	4
1	0251	2	2
0	0251	2	2
1	0251	2	2
0	0251	2	2
1	0251	2	2
1	0251	2	2
0	0251	1	2
1	0251	2	2
0	0251	2	2
1	0251	2	4
0	0251	2	2
0	0251	2	2
0	0251	2	1
0	0251	2	3
0	0251	2	2
0	0251	1	1
1	0251	2	4
0	0251	2	2
0	0251	2	2
0	0251	2	2
1	0251	2	2
1	0251	2	2
1	0251	2	2
1	0251	2	4
1	0251	2	2
0	0251	2	2
1	0251	2	4
0	0251	2	2
0	0251	2	2
0	0251	2	4
1	0251	2	4
0	0251	2	1
1	0251	2	4
1	0251	2	2
0	0254	2	1
1	0254	2	3
0	0254	2	3
1	0254	2	3
0	0254	2	3
1	0254	2	3
0	0254	2	3
1	0254	1	2
0	0254	1	1
0	0254	2	2
1	0254	2	1
1	0254	2	3
1	0254	2	3
0	0254	2	3
0	0254	1	1
0	0254	2	1
1	0254	1	2
0	0254	1	2
1	0254	1	1
1	0254	1	1
1	0254	1	1
0	0254	1	1
1	0254	2	3
1	0254	2	4
0	0254	2	1
0	0254	1	1
1	0254	2	2
1	0254	2	3
0	0254	2	2
0	0254	2	3
1	0254	1	1
0	0254	1	3
1	0254	2	2
0	0254	2	3
1	0254	2	2
0	0254	2	1
1	0254	2	3
0	0254	2	2
0	0254	2	4
0	0254	2	1
0	0254	2	2
1	0254	2	3
1	0254	1	3
1	0254	1	4
1	0254	2	3
0	0254	2	3
0	0254	2	1
0	0254	2	3
0	0254	1	2
0	0254	2	1
0	0254	1	2
0	0254	1	1
0	0254	1	2
1	0254	1	2
0	0254	2	4
0	0254	1	3
0	0254	2	2
1	0254	2	4
0	0254	2	4
1	0254	2	1
0	0254	2	4
1	0254	1	1
0	0254	2	2
1	0254	1	2
1	0254	2	1
0	0254	2	3
0	0254	2	3
0	0254	1	2
1	0254	1	3
0	0254	1	2
1	0254	1	1
1	0254	1	2
0	0254	1	4
1	0254	1	4
0	0254	1	3
1	0254	1	2
0	0254	1	2
0	0254	1	1
0	0254	2	4
0	0254	1	3
0	0254	1	4
0	0254	2	4
0	0254	2	4
1	0254	2	3
0	0254	1	2
0	0254	1	1
0	0254	1	2
0	0254	2	4
1	0254	1	1
1	0254	1	1
0	0254	1	3
0	0254	2	3
0	0254	2	3
0	0254	1	1
1	0254	2	4
0	0254	2	3
0	0254	2	2
1	0254	1	1
0	0254	1	1
0	0254	2	4
1	0254	2	1
1	0254	1	3
0	0254	1	1
0	0254	1	1
0	0254	1	4
0	0254	2	3
1	0254	2	2
0	0254	2	4
0	0254	1	2
1	0254	1	2
0	0254	1	2
1	0254	2	3
0	0254	1	3
0	0254	1	2
0	0254	1	1
1	0254	2	3
1	0254	1	2
1	0254	2	2
1	0254	2	4
0	0254	2	4
1	0254	1	4
0	0254	1	3
0	0254	1	2
1	0254	1	3
0	0254	1	2
1	0254	1	1
0	0254	1	1
1	0254	1	3
0	0254	1	1
0	0254	1	2
1	0254	1	1
1	0254	2	4
1	0254	2	4
0	0254	2	4
1	0254	1	3
1	0254	1	1
0	0254	1	2
1	0254	1	1
1	0254	1	1
0	0254	1	1
0	0254	1	2
0	0254	1	3
1	0254	1	3
0	0254	1	1
1	0254	1	4
0	0254	1	2
1	0254	1	3
1	0254	1	3
0	0254	1	2
0	0254	1	1
0	0254	1	1
0	0254	1	2
0	0254	1	3
0	0254	1	1
1	0254	1	2
1	0254	1	2
0	0254	1	2
1	0254	1	1
0	0254	1	1
0	0254	1	2
0	0254	1	1
0	0254	2	4
0	0254	2	3
0	0254	2	2
0	0254	2	1
0	0254	1	2
1	0254	1	3
1	0254	1	1
0	0254	1	1
1	0254	1	2
0	0254	1	4
0	0254	1	1
1	0254	1	2
1	0254	1	1
0	0254	1	4
1	0254	1	1
0	0254	1	1
0	0254	1	2
0	0254	1	2
0	0254	1	1
0	0254	2	3
1	0254	2	1
0	0254	2	4
1	0254	2	3
1	0254	2	3
1	0254	2	1
1	0254	2	3
1	0254	2	3
1	0254	2	3
1	0254	2	4
0	0274	2	1
1	0274	1	4
0	0274	1	4
0	0274	1	2
0	0274	1	1
1	0274	2	3
0	0274	2	1
0	0274	2	2
1	0274	2	3
1	0274	2	3
1	0274	2	3
1	0274	2	3
1	0274	2	3
0	0274	2	3
0	0274	2	3
1	0274	2	1
0	0274	2	3
1	0274	2	3
1	0274	2	3
1	0274	2	3
0	0274	2	3
1	0274	2	3
0	0274	2	1
0	0274	2	3
1	0274	2	1
0	0274	2	3
0	0274	2	3
1	0274	2	1
0	0274	2	3
0	0274	2	3
0	0274	2	3
0	0274	2	1
0	0274	2	3
0	0274	1	1
0	0274	1	2
1	0274	2	3
1	0274	2	3
1	0274	2	3
0	0274	2	3
0	0274	2	1
0	0274	2	3
0	0274	1	1
1	0274	1	4
0	0274	2	3
1	0274	2	1
0	0274	2	3
0	0274	2	1
0	0274	2	4
0	0274	2	2
0	0274	2	1
1	0274	1	2
0	0274	1	2
1	0274	2	3
1	0274	2	3
1	0274	2	3
0	0274	2	1
0	0274	1	2
1	0274	2	3
1	0274	2	1
1	0274	2	3
0	0274	2	3
0	0274	2	3
1	0274	2	3
1	0274	2	1
0	0274	2	1
0	0274	1	1
1	0274	1	3
1	0274	1	1
0	0274	1	1
1	0274	1	3
1	0274	2	1
1	0274	2	3
0	0274	2	3
1	0274	1	1
1	0274	2	1
1	0274	2	3
0	0274	1	1
0	0274	2	1
1	0274	1	1
1	0274	1	3
1	0274	1	3
1	0274	1	1
0	0274	1	1
0	0274	2	3
1	0274	1	1
0	0274	1	1
0	0274	2	3
1	0274	2	3
1	0274	2	3
1	0274	2	3
0	0274	1	1
0	0274	1	1
0	0274	2	3
1	0274	1	1
1	0274	1	1
1	0274	1	1
0	0274	1	1
0	0274	1	3
0	0274	2	1
1	0274	1	1
1	0274	1	1
0	0274	1	1
1	0274	1	1
0	0274	1	1
1	0274	2	3
0	0274	2	3
1	0274	1	1
0	0274	1	3
0	0274	2	3
1	0274	1	1
0	0274	1	1
1	0274	2	3
0	0274	2	3
0	0274	1	1
1	0274	1	3
1	0274	1	1
0	0274	2	1
1	0274	1	3
0	0274	1	1
0	0274	2	3
1	0274	1	1
0	0274	1	1
0	0274	2	3
1	0274	2	1
1	0274	2	3
0	0274	2	3
0	0274	1	1
0	0274	1	1
0	0274	2	3
1	0274	2	3
0	0274	2	3
1	0274	1	1
0	0274	1	1
1	0274	1	1
0	0274	2	3
0	0274	2	3
1	0274	1	1
1	0274	1	1
1	0274	1	1
0	0274	1	3
1	0274	2	1
1	0274	2	3
1	0274	2	1
1	0274	2	1
1	0274	2	3
1	0274	2	1
0	0274	2	3
1	0274	2	1
1	0274	2	1
0	0274	2	3
1	0274	2	1
1	0274	2	3
0	0274	2	3
0	0274	1	1
0	0274	1	3
1	0274	1	1
0	0274	1	1
1	0274	2	3
0	0274	2	3
0	0274	2	3
1	0274	2	1
1	0274	2	3
0	0274	2	3
1	0274	2	3
1	0274	2	3
1	0274	2	3
0	0274	2	1
1	0274	2	1
1	0274	2	3
0	0274	2	3
0	0274	2	1
1	0274	1	1
0	0274	1	1
0	0274	1	1
0	0274	2	3
1	0274	2	1
0	0274	2	3
0	0274	1	1
1	0274	1	1
1	0274	1	1
0	0274	1	1
0	0274	2	3
0	0274	2	3
0	0274	2	1
0	0274	1	1
1	0274	2	3
1	0274	2	3
0	0274	2	3
1	0274	2	3
0	0274	2	3
1	0298	2	4
1	0298	2	1
0	0298	2	3
1	0298	1	2
1	0298	1	1
1	0298	2	1
1	0298	1	3
0	0298	1	3
0	0298	2	1
0	0298	2	4
1	0298	2	1
1	0298	2	1
1	0298	2	3
1	0298	2	1
0	0298	2	3
0	0298	2	4
1	0298	1	1
0	0298	2	1
0	0298	2	3
0	0298	2	2
1	0298	1	3
1	0298	1	3
1	0298	1	1
0	0298	1	3
0	0298	2	3
1	0298	2	3
0	0298	1	1
1	0298	2	3
0	0298	2	3
1	0298	2	1
0	0298	1	3
1	0298	2	3
1	0298	2	1
1	0298	2	3
0	0298	2	1
1	0298	1	1
1	0298	2	3
1	0298	1	3
1	0298	1	1
1	0298	1	3
1	0298	1	3
1	0298	1	1
1	0298	1	1
1	0298	1	1
1	0298	1	1
1	0298	1	1
1	0298	1	3
0	0298	1	1
1	0298	1	1
1	0298	1	3
1	0298	1	1
1	0298	1	3
1	0298	1	3
1	0298	1	3
0	0298	1	3
1	0298	2	4
1	0298	2	2
1	0298	1	4
0	0298	2	4
1	0298	2	3
1	0298	2	4
1	0298	1	2
0	0298	1	2
0	0298	1	2
1	0298	2	3
0	0298	2	3
1	0298	2	4
1	0298	2	2
1	0298	2	1
1	0298	2	4
0	0298	1	3
0	0298	2	1
0	0298	2	2
1	0298	2	3
1	0298	2	4
1	0298	2	2
0	0298	2	1
1	0298	2	4
1	0298	2	2
0	0298	2	1
1	0298	2	4
0	0298	2	4
1	0298	1	2
0	0298	2	4
0	0298	1	2
0	0298	2	4
1	0298	2	4
1	0298	2	1
1	0298	2	3
1	0298	1	1
0	0298	1	3
1	0298	2	2
0	0298	2	2
1	0298	2	3
0	0298	2	3
1	0298	1	1
0	0298	2	1
1	0298	1	2
0	0298	2	4
1	0298	1	2
0	0298	2	3
0	0298	1	1
0	0298	2	2
1	0298	2	3
0	0298	2	3
1	0298	1	1
1	0298	1	4
0	0298	1	3
0	0298	1	2
1	0298	1	1
1	0298	1	4
1	0298	1	1
0	0298	1	3
1	0298	1	4
0	0298	2	4
0	0298	2	3
0	0298	1	1
0	0298	1	4
0	0298	2	2
0	0298	1	1
0	0298	1	4
0	0298	1	1
1	0298	2	4
0	0298	2	4
0	0298	1	3
1	0298	1	2
1	0298	1	1
1	0298	1	3
1	0298	2	1
0	0298	2	1
1	0298	2	3
1	0298	2	3
0	0298	2	3
1	0298	2	1
1	0298	2	1
1	0298	2	3
1	0298	1	1
0	0298	2	3
1	0298	1	1
1	0298	1	3
1	0298	1	3
1	0298	1	1
0	0298	1	1
0	0298	2	3
0	0298	2	1
0	0298	2	4
1	0298	2	3
1	0298	2	3
0	0298	2	3
0	0298	2	3
1	0298	2	1
0	0298	2	4
0	0298	1	3
1	0298	1	2
0	0298	1	2
1	0298	1	1
1	0298	1	4
0	0298	1	3
1	0298	2	4
1	0298	2	2
1	0298	2	4
0	0298	1	4
1	0298	1	2
1	0298	1	2
0	0298	1	2
0	0298	2	1
0	0298	2	3
0	0298	1	4
1	0298	2	1
0	0298	2	4
0	0298	1	3
1	0298	1	4
1	0298	1	2
1	0298	1	2
1	0298	1	2
0	0298	1	2
0	0298	2	4
0	0298	1	3
1	0298	2	3
1	0298	2	4
0	0298	1	4
0	0298	1	4
1	0298	2	4
1	0298	2	1
1	0298	2	4
1	0310	1	4
0	0310	1	2
1	0310	2	2
1	0310	2	2
1	0310	2	1
0	0310	2	4
1	0310	2	1
1	0310	2	4
1	0310	2	1
0	0310	1	1
0	0310	1	4
0	0310	1	1
0	0310	1	4
0	0310	1	1
1	0310	1	2
0	0310	2	3
1	0310	2	3
1	0310	2	2
1	0310	2	2
0	0310	2	2
1	0310	2	1
1	0310	1	1
0	0310	1	3
1	0310	1	3
1	0310	1	3
0	0310	1	3
1	0310	1	3
1	0310	1	3
0	0310	1	3
0	0310	1	3
1	0310	1	2
1	0310	1	1
0	0310	1	4
1	0310	1	1
1	0310	1	3
1	0310	1	3
0	0310	1	3
1	0310	1	3
1	0310	1	3
0	0310	1	1
1	0310	1	3
1	0310	1	3
1	0310	1	3
1	0310	1	3
1	0310	1	4
1	0310	1	2
1	0310	1	1
1	0310	1	3
0	0310	1	4
1	0310	1	1
1	0310	1	3
0	0310	1	4
1	0310	1	2
1	0310	1	1
1	0310	1	3
1	0310	1	3
0	0310	1	3
1	0310	1	3
1	0310	1	4
1	0310	1	1
1	0310	1	3
1	0310	1	4
1	0310	1	2
1	0310	1	1
1	0310	1	3
1	0310	1	3
1	0310	1	3
1	0310	1	3
1	0310	1	3
1	0310	1	3
0	0310	1	3
1	0310	1	3
1	0310	1	3
1	0310	1	3
0	0310	1	3
0	0310	1	3
1	0310	1	3
1	0310	1	4
0	0310	1	1
0	0310	1	3
0	0310	2	2
1	0310	2	2
0	0310	2	1
1	0310	1	2
1	0310	1	4
0	0310	1	4
1	0310	1	4
0	0310	1	4
1	0310	1	4
0	0310	1	3
1	0310	1	2
1	0310	1	4
0	0310	1	2
0	0310	1	4
0	0310	1	3
1	0310	1	4
0	0310	2	4
1	0310	2	2
1	0310	2	2
0	0310	2	2
0	0310	1	3
1	0310	1	2
0	0310	1	2
1	0310	1	2
1	0310	1	2
1	0310	1	2
0	0310	1	1
0	0310	1	4
0	0310	1	2
0	0310	1	4
0	0310	2	2
0	0310	2	2
1	0310	2	1
1	0310	2	2
1	0310	2	3
0	0310	2	2
0	0310	2	3
1	0310	2	1
0	0310	1	4
0	0310	2	1
0	0310	2	1
1	0310	2	2
1	0310	2	2
1	0310	2	4
0	0310	2	2
0	0310	2	2
0	0310	1	4
0	0310	2	4
0	0310	2	4
1	0310	2	2
1	0310	2	2
1	0310	2	2
1	0310	2	2
0	0310	2	2
0	0310	2	2
0	0310	2	2
1	0310	1	3
1	0310	1	3
1	0310	1	3
1	0310	1	1
1	0310	1	3
1	0310	1	3
1	0310	1	3
1	0310	1	3
0	0310	1	3
1	0310	1	1
1	0310	1	3
0	0310	1	3
0	0310	2	2
0	0310	1	3
0	0310	1	3
0	0310	1	4
1	0310	2	2
0	0310	2	4
0	0310	2	2
1	0310	1	1
1	0310	1	4
0	0310	1	1
1	0310	1	3
1	0310	1	4
1	0310	1	1
1	0310	1	3
0	0310	1	4
1	0310	1	1
0	0310	1	3
0	0310	1	3
1	0310	1	1
1	0310	1	3
1	0310	1	3
0	0310	1	3
1	0310	1	3
1	0310	1	3
1	0310	1	3
1	0310	1	4
0	0310	1	2
1	0310	1	2
1	0310	1	1
1	0310	1	3
1	0310	1	3
0	0310	1	4
1	0310	1	2
1	0310	1	1
1	0310	1	4
0	0310	1	2
1	0310	1	2
1	0310	1	2
1	0310	1	2
0	0319	1	2
1	0319	2	3
1	0319	2	4
0	0319	2	2
1	0319	2	1
0	0319	2	1
0	0319	2	4
1	0319	2	3
1	0319	2	3
1	0319	2	4
1	0319	2	2
0	0319	2	2
0	0319	1	2
1	0319	1	1
1	0319	1	4
1	0319	1	2
1	0319	1	2
0	0319	1	2
1	0319	1	4
0	0319	1	2
1	0319	2	3
1	0319	2	3
1	0319	2	3
1	0319	2	3
1	0319	2	3
0	0319	1	3
0	0319	1	3
0	0319	1	1
1	0319	1	3
1	0319	1	2
0	0319	2	2
0	0319	2	3
1	0319	2	4
0	0319	2	4
1	0319	1	1
1	0319	1	2
1	0319	1	2
1	0319	2	4
1	0319	2	2
1	0319	2	2
0	0319	2	4
1	0319	1	2
1	0319	2	3
0	0319	2	3
1	0319	1	2
0	0319	1	2
1	0319	2	3
1	0319	1	1
0	0319	1	3
1	0319	2	2
1	0319	2	1
0	0319	1	2
1	0319	2	4
0	0319	2	1
1	0319	2	4
1	0319	2	2
1	0319	1	2
1	0319	1	2
1	0319	1	2
1	0319	1	2
1	0319	1	2
0	0319	1	2
1	0319	2	3
0	0319	1	3
1	0319	1	2
1	0319	2	3
0	0319	2	3
0	0319	2	4
0	0319	2	3
1	0319	1	1
0	0319	1	4
0	0319	1	2
0	0319	1	1
0	0319	1	4
1	0319	2	2
1	0319	2	4
0	0319	2	4
0	0319	1	1
1	0319	2	2
0	0319	2	2
0	0319	1	3
0	0319	2	2
1	0319	1	2
1	0319	2	4
1	0319	1	4
1	0319	1	2
1	0319	1	2
1	0319	1	2
0	0319	1	2
1	0319	1	4
0	0319	2	3
1	0319	2	4
1	0319	2	2
0	0319	2	4
0	0319	1	2
0	0319	1	1
1	0319	2	2
1	0319	2	2
0	0319	2	4
1	0319	1	1
0	0319	1	4
0	0319	2	4
0	0319	2	2
1	0319	2	1
0	0319	2	3
1	0319	2	1
1	0319	1	1
0	0319	1	2
1	0319	1	2
0	0319	1	2
1	0319	2	3
0	0319	2	4
1	0319	2	1
1	0319	1	3
0	0319	1	2
0	0319	2	2
0	0319	1	1
0	0319	2	2
0	0319	2	4
0	0319	2	1
0	0319	2	4
1	0319	1	4
1	0319	2	3
1	0319	1	1
1	0319	1	1
0	0319	1	1
1	0319	1	1
0	0319	1	3
0	0319	2	2
1	0319	1	2
0	0319	2	3
0	0319	2	3
0	0319	2	3
1	0319	1	2
1	0319	1	2
0	0319	1	2
0	0319	1	1
1	0319	2	3
0	0319	2	3
0	0319	2	2
0	0319	2	4
1	0319	2	1
1	0319	1	3
0	0319	1	1
0	0319	1	2
1	0319	2	4
0	0319	2	4
1	0319	2	3
0	0319	1	2
1	0319	1	1
1	0319	1	3
0	0319	1	3
1	0319	1	2
0	0319	1	2
1	0319	1	1
0	0319	1	3
0	0319	2	1
0	0319	2	4
1	0319	1	3
0	0319	1	4
1	0319	1	1
0	0319	1	1
0	0319	2	2
1	0319	2	3
1	0319	2	3
1	0319	2	1
1	0319	2	3
0	0319	2	1
0	0319	2	4
1	0319	1	1
0	0319	1	3
1	0319	1	2
1	0319	1	2
1	0319	1	2
0	0319	1	4
1	0319	1	2
1	0319	1	3
1	0319	1	1
0	0319	1	2
1	0319	2	1
0	0319	2	3
1	0319	2	1
0	0319	1	1
1	0319	2	3
1	0319	1	1
0	0320	2	3
0	0320	2	2
0	0320	2	1
0	0320	2	4
1	0320	2	3
0	0320	2	3
1	0320	2	3
0	0320	1	3
1	0320	1	2
0	0320	1	2
0	0320	1	1
1	0320	2	3
0	0320	2	3
1	0320	2	4
0	0320	2	4
0	0320	2	3
1	0320	2	4
1	0320	2	4
1	0320	2	4
1	0320	1	4
0	0320	1	2
1	0320	1	1
0	0320	1	3
0	0320	1	4
1	0320	2	4
1	0320	2	3
1	0320	2	2
1	0320	2	1
0	0320	2	4
0	0320	2	2
0	0320	2	3
0	0320	2	1
1	0320	2	2
1	0320	2	2
0	0320	2	4
0	0320	1	1
1	0320	1	4
1	0320	1	1
1	0320	1	2
1	0320	1	3
1	0320	2	3
1	0320	2	3
1	0320	2	3
1	0320	2	3
1	0320	2	3
0	0320	2	3
0	0320	2	2
1	0320	1	4
1	0320	1	1
0	0320	2	3
0	0320	2	4
1	0320	1	1
0	0320	1	2
1	0320	1	1
1	0320	1	1
1	0320	1	1
0	0320	1	1
1	0320	1	2
1	0320	1	2
0	0320	1	2
1	0320	1	2
0	0320	1	2
1	0320	1	2
0	0320	2	4
0	0320	2	1
1	0320	2	3
1	0320	2	3
0	0320	2	4
0	0320	2	1
0	0320	1	2
1	0320	1	1
1	0320	1	1
0	0320	1	4
1	0320	1	2
0	0320	1	2
1	0320	1	1
0	0320	1	3
0	0320	2	4
1	0320	2	1
0	0320	2	3
0	0320	1	4
0	0320	2	4
0	0320	1	3
0	0320	1	4
0	0320	2	4
1	0320	2	3
0	0320	2	3
0	0320	1	1
0	0320	1	1
0	0320	2	4
1	0320	2	3
0	0320	2	3
0	0320	2	3
1	0320	2	4
1	0320	2	4
1	0320	2	4
0	0320	1	3
0	0320	1	3
0	0320	1	1
1	0320	2	1
0	0320	2	3
0	0320	2	3
1	0320	2	4
1	0320	2	4
0	0320	2	4
1	0320	1	1
0	0320	1	1
0	0320	1	2
0	0320	1	1
0	0320	1	2
1	0320	1	3
1	0320	2	4
1	0320	2	4
1	0320	2	4
0	0320	2	3
0	0320	2	2
0	0320	2	3
1	0320	1	3
0	0320	1	4
1	0320	2	4
1	0320	2	4
0	0320	2	2
0	0320	2	3
1	0320	2	4
0	0320	2	2
0	0320	2	2
1	0320	2	3
1	0320	1	3
1	0320	1	3
1	0320	1	1
0	0320	1	1
0	0320	1	4
0	0320	1	4
0	0320	1	3
0	0320	2	4
1	0320	2	3
0	0320	2	3
0	0320	2	4
0	0320	1	2
1	0320	1	1
0	0320	1	2
1	0320	1	1
1	0320	1	3
0	0320	2	1
1	0320	2	2
1	0320	2	3
0	0320	1	4
1	0320	2	3
0	0320	2	2
0	0320	1	1
0	0320	2	4
0	0320	2	1
1	0320	2	4
0	0320	1	1
1	0320	1	4
0	0320	2	4
0	0320	1	2
0	0320	1	2
1	0320	1	3
1	0320	2	3
0	0320	1	2
1	0320	1	2
0	0320	1	2
0	0320	1	2
1	0320	1	3
0	0320	1	4
0	0320	2	4
0	0320	2	3
1	0320	2	1
1	0320	2	3
0	0320	2	3
0	0320	2	2
0	0320	1	2
0	0320	1	1
0	0320	2	3
1	0320	2	3
0	0320	2	3
0	0320	1	4
1	0320	2	3
1	0320	2	3
0	0320	2	3
0	0320	2	4
0	0345	1	2
0	0345	1	1
0	0345	1	4
0	0345	2	3
1	0345	2	4
1	0345	2	2
1	0345	2	4
0	0345	2	4
1	0345	1	1
0	0345	1	1
0	0345	2	3
1	0345	1	4
0	0345	1	1
0	0345	2	3
1	0345	2	4
0	0345	2	4
0	0345	1	2
1	0345	1	4
1	0345	2	2
1	0345	2	4
1	0345	2	4
0	0345	1	4
1	0345	2	4
1	0345	2	4
1	0345	2	4
1	0345	2	4
1	0345	2	4
1	0345	2	4
0	0345	2	3
0	0345	2	2
1	0345	2	1
0	0345	1	4
0	0345	2	3
0	0345	2	3
1	0345	2	2
1	0345	2	4
0	0345	1	3
0	0345	2	4
0	0345	1	2
1	0345	2	3
0	0345	2	3
0	0345	1	1
0	0345	2	4
0	0345	2	2
1	0345	1	4
1	0345	1	4
1	0345	1	2
0	0345	1	4
0	0345	2	4
1	0345	1	1
0	0345	2	1
0	0345	1	4
0	0345	2	4
1	0345	2	1
1	0345	2	3
0	0345	2	3
0	0345	1	4
0	0345	1	1
1	0345	1	2
0	0345	2	3
1	0345	1	1
1	0345	2	4
0	0345	2	1
0	0345	2	4
0	0345	1	1
1	0345	2	3
0	0345	2	3
0	0345	2	4
1	0345	1	2
1	0345	1	3
1	0345	1	2
0	0345	1	4
1	0345	2	2
1	0345	2	3
0	0345	1	4
0	0345	2	2
1	0345	1	3
0	0345	1	2
0	0345	1	1
1	0345	2	3
0	0345	2	3
1	0345	2	4
0	0345	2	4
0	0345	1	1
0	0345	2	1
1	0345	1	2
0	0345	1	4
1	0345	2	4
0	0345	2	4
1	0345	2	3
1	0345	1	3
0	0345	1	1
1	0345	2	4
1	0345	2	4
0	0345	2	3
1	0345	2	2
1	0345	2	4
1	0345	1	2
0	0345	1	2
1	0345	2	3
1	0345	2	3
1	0345	2	4
1	0345	2	1
1	0345	1	4
1	0345	1	1
0	0345	2	4
0	0345	2	3
0	0345	1	2
1	0345	1	3
1	0345	1	3
1	0345	1	1
1	0345	1	1
0	0345	1	1
0	0345	2	4
1	0345	1	3
0	0345	2	4
0	0345	1	1
1	0345	2	2
1	0345	2	1
0	0345	2	2
0	0345	1	1
0	0345	1	4
0	0345	2	4
1	0345	1	3
0	0345	1	4
1	0345	2	4
0	0345	2	4
0	0345	2	3
1	0345	1	1
0	0345	2	1
1	0345	2	4
0	0345	2	4
1	0345	1	1
0	0345	1	1
0	0345	2	3
0	0345	2	2
0	0345	2	3
0	0345	1	2
0	0345	1	4
1	0345	2	3
1	0345	2	2
1	0345	2	4
1	0345	2	4
1	0345	2	2
1	0345	1	2
1	0345	2	1
0	0345	1	4
0	0345	2	2
0	0345	2	3
0	0345	1	2
0	0345	1	1
0	0345	2	4
0	0345	2	2
1	0345	2	3
1	0345	2	1
0	0345	1	1
1	0345	2	3
1	0345	1	1
1	0345	1	3
1	0345	2	4
0	0345	1	1
0	0345	2	2
1	0345	2	3
0	0345	2	3
1	0345	2	1
0	0345	1	2
0	0345	1	1
0	0345	1	2
1	0345	2	4
1	0345	2	3
0	0345	1	3
0	0345	2	3
0	0345	2	2
0	0345	1	2
0	0345	2	4
0	0345	2	3
1	0346	2	2
1	0346	2	2
1	0346	2	2
1	0346	2	4
1	0346	2	4
0	0346	2	2
0	0346	2	2
0	0346	1	2
0	0346	1	3
1	0346	1	4
0	0346	2	2
1	0346	2	2
0	0346	2	2
0	0346	2	4
0	0346	2	1
0	0346	2	1
0	0346	2	4
1	0346	2	4
1	0346	1	3
1	0346	2	2
1	0346	1	3
0	0346	2	4
0	0346	1	1
1	0346	2	4
0	0346	2	2
1	0346	1	1
1	0346	2	2
1	0346	1	3
0	0346	2	4
0	0346	1	3
0	0346	2	2
1	0346	2	4
1	0346	1	3
0	0346	2	3
1	0346	1	1
0	0346	2	2
1	0346	2	2
0	0346	1	3
1	0346	1	1
1	0346	2	2
0	0346	2	2
1	0346	2	4
1	0346	2	2
1	0346	2	4
1	0346	2	2
0	0346	1	1
0	0346	2	2
1	0346	1	3
0	0346	2	2
1	0346	2	2
1	0346	2	4
0	0346	2	2
0	0346	1	1
1	0346	2	2
1	0346	2	2
1	0346	2	2
1	0346	2	2
0	0346	1	3
1	0346	2	2
1	0346	1	3
1	0346	2	4
1	0346	1	4
0	0346	2	2
1	0346	1	3
1	0346	2	4
0	0346	1	4
0	0346	2	2
0	0346	1	3
0	0346	2	4
1	0346	1	4
1	0346	2	4
0	0346	2	4
0	0346	2	4
1	0346	1	3
1	0346	2	2
1	0346	2	2
0	0346	1	3
0	0346	2	2
1	0346	2	3
0	0346	2	3
0	0346	1	2
1	0346	1	4
1	0346	2	4
0	0346	2	2
0	0346	2	1
0	0346	1	4
0	0346	1	3
0	0346	2	4
1	0346	2	3
0	0346	1	1
0	0346	1	3
1	0346	2	2
1	0346	2	2
1	0346	2	1
1	0346	2	2
1	0346	2	1
1	0346	2	2
0	0346	2	1
0	0346	2	2
1	0346	2	3
0	0346	2	4
1	0346	2	2
0	0346	2	1
1	0346	2	2
0	0346	2	2
1	0346	2	4
1	0346	2	1
0	0346	2	3
0	0346	2	4
1	0346	2	1
1	0346	2	1
1	0346	2	1
0	0346	2	3
0	0346	1	4
1	0346	1	3
0	0346	2	2
1	0346	2	1
1	0346	2	3
0	0346	2	1
1	0346	2	2
1	0346	2	2
0	0346	2	4
0	0346	2	1
0	0346	2	1
0	0346	2	2
1	0346	1	4
1	0346	1	1
0	0346	1	3
0	0346	1	2
0	0346	2	4
1	0346	1	3
1	0346	1	3
0	0346	1	4
1	0346	1	1
1	0346	2	1
1	0346	1	3
1	0346	1	3
0	0346	1	3
0	0346	1	1
0	0346	2	3
1	0346	2	4
0	0346	2	2
0	0346	2	1
0	0346	1	4
0	0346	1	1
0	0346	1	3
0	0346	1	1
0	0346	1	1
0	0346	2	2
1	0346	2	2
0	0346	2	3
0	0346	2	2
1	0346	2	2
1	0346	2	2
0	0346	2	4
1	0346	2	2
1	0346	2	2
0	0346	2	2
1	0346	1	4
0	0346	1	2
0	0346	1	3
1	0346	1	2
1	0346	2	4
1	0346	2	2
1	0346	2	2
0	0346	2	4
0	0346	2	2
0	0346	2	2
0	0346	2	1
0	0346	2	4
1	0346	2	4
0	0346	2	1
1	0346	2	2
1	0346	2	4
1	0346	2	2
1	0346	2	2
1	0346	2	4
1	0346	2	2
0	0346	2	2
1	0352	2	4
1	0352	2	1
0	0352	1	4
1	0352	2	1
0	0352	2	3
1	0352	2	4
1	0352	1	3
0	0352	1	4
1	0352	1	3
1	0352	2	1
0	0352	2	1
0	0352	1	4
0	0352	2	2
0	0352	1	4
1	0352	1	3
0	0352	1	3
0	0352	2	2
0	0352	2	4
0	0352	2	1
0	0352	2	3
1	0352	1	4
0	0352	2	2
1	0352	2	3
1	0352	2	3
0	0352	2	4
0	0352	2	4
1	0352	2	1
1	0352	2	1
0	0352	2	3
0	0352	2	2
1	0352	2	1
1	0352	2	1
1	0352	2	3
1	0352	2	2
0	0352	2	1
1	0352	2	1
0	0352	2	1
0	0352	2	4
0	0352	1	1
0	0352	2	2
1	0352	1	1
0	0352	1	3
0	0352	1	4
1	0352	1	4
0	0352	1	3
0	0352	1	2
1	0352	1	2
1	0352	2	3
1	0352	1	3
0	0352	1	3
0	0352	1	1
0	0352	2	2
1	0352	2	4
1	0352	2	2
1	0352	2	4
1	0352	1	1
0	0352	1	3
1	0352	2	1
1	0352	2	3
1	0352	1	4
0	0352	2	2
0	0352	2	4
0	0352	1	3
1	0352	2	1
0	0352	2	3
1	0352	2	3
0	0352	2	1
1	0352	2	1
0	0352	2	1
1	0352	2	3
1	0352	2	1
1	0352	1	3
0	0352	1	3
1	0352	2	2
1	0352	2	1
0	0352	2	2
1	0352	2	1
1	0352	2	3
0	0352	2	1
1	0352	2	1
1	0352	2	1
0	0352	2	2
0	0352	2	3
0	0352	2	2
0	0352	2	1
1	0352	2	2
0	0352	2	2
0	0352	2	2
1	0352	1	1
0	0352	2	2
1	0352	1	4
0	0352	2	1
1	0352	2	1
1	0352	2	1
0	0352	2	3
1	0352	2	1
1	0352	2	1
1	0352	2	3
0	0352	2	1
0	0352	2	1
0	0352	2	3
0	0352	2	1
0	0352	2	1
1	0352	2	1
0	0352	2	1
0	0352	2	3
0	0352	2	1
1	0352	2	3
0	0352	2	3
1	0353	2	4
1	0353	2	2
0	0353	2	4
0	0353	1	1
1	0353	2	3
0	0353	2	3
0	0353	1	2
0	0353	2	3
0	0353	2	4
1	0353	1	2
0	0353	1	4
1	0353	2	2
0	0353	2	4
1	0353	2	2
1	0353	2	4
1	0353	2	4
1	0353	2	4
1	0353	2	4
1	0353	2	4
1	0353	2	4
1	0353	2	4
1	0353	2	3
0	0353	2	1
0	0353	2	1
1	0353	2	4
0	0353	2	4
1	0353	2	2
1	0353	2	4
1	0353	2	2
1	0353	2	4
1	0353	2	1
0	0353	2	1
1	0353	1	1
0	0353	1	3
0	0353	2	2
0	0353	1	3
1	0353	2	4
0	0353	2	4
0	0353	1	2
0	0353	2	1
0	0353	1	1
1	0353	1	4
1	0353	1	2
0	0353	1	4
0	0353	2	2
0	0353	2	3
1	0353	1	2
1	0353	1	4
1	0353	1	2
0	0353	1	4
0	0353	1	3
1	0353	2	2
0	0353	2	4
0	0353	2	1
1	0353	2	2
1	0353	2	4
0	0353	2	4
0	0353	2	3
0	0353	2	4
1	0353	2	1
0	0353	2	1
0	0353	1	4
1	0353	1	1
1	0353	1	4
0	0353	1	2
0	0353	1	4
1	0353	1	1
0	0353	1	1
0	0353	2	3
1	0353	2	4
0	0353	2	4
1	0353	1	2
1	0353	1	4
0	0353	1	4
0	0353	1	2
0	0353	1	1
1	0353	2	4
0	0353	2	4
0	0353	1	1
0	0353	1	4
0	0353	2	1
1	0353	2	4
0	0353	2	4
1	0353	2	4
0	0353	2	2
0	0353	1	2
0	0353	1	2
0	0353	1	1
0	0353	2	4
0	0353	2	1
0	0353	2	4
0	0353	1	2
0	0353	1	1
0	0353	1	4
0	0353	1	1
1	0353	2	4
0	0353	2	4
0	0353	1	2
0	0353	2	1
0	0353	1	1
0	0353	2	2
0	0353	1	3
0	0353	1	4
0	0353	1	1
0	0353	2	4
0	0353	2	1
0	0353	1	2
0	0353	2	2
0	0353	2	3
1	0353	2	2
0	0353	2	4
1	0353	2	3
1	0353	2	1
0	0353	2	3
0	0353	2	4
0	0353	2	2
1	0353	1	2
1	0353	1	2
0	0353	1	2
1	0353	2	3
0	0353	2	1
0	0353	1	2
1	0353	2	4
0	0353	2	4
1	0353	1	2
0	0353	1	4
0	0353	1	1
0	0353	2	4
1	0353	2	3
1	0353	2	1
0	0353	2	3
0	0353	2	4
0	0353	1	2
1	0353	1	3
0	0353	1	1
0	0353	2	2
1	0353	2	3
0	0353	2	4
1	0353	2	1
1	0353	2	2
1	0353	2	4
0	0353	2	4
1	0353	1	1
0	0353	1	1
0	0353	1	2
0	0353	1	2
1	0353	1	3
1	0353	1	1
1	0353	1	1
1	0353	1	1
1	0353	1	1
1	0353	1	3
1	0353	1	1
1	0353	1	3
0	0353	1	1
1	0353	2	3
1	0353	2	1
0	0353	1	2
1	0353	2	3
0	0353	1	4
1	0353	2	1
0	0353	2	4
1	0353	1	3
1	0353	1	1
1	0353	1	3
0	0353	1	1
0	0353	2	3
0	0353	1	2
0	0353	2	4
1	0353	2	1
0	0353	2	3
0	0353	1	4
1	0353	2	3
1	0353	2	3
1	0353	2	4
0	0353	2	1
0	0353	2	4
0	0353	2	3
0	0353	2	2
0	0353	1	2
1	0353	2	3
1	0353	2	4
1	0353	2	3
1	0353	2	3
1	0353	2	1
0	0353	2	3
1	0353	2	4
